4456974928094366006
809175581192723834
5965128262672848132
7669523325672081892
9182483786109216327
2025576994711098052
3343791608505946035
8811127045196653810
8242679862152043967
5200560827014129944
2904799310091526115
6845786966829653216
8882158876083777569
3761898606089611775
3060498912778650930
4954894036019286224
8953967780295706657
355059363857937274
5861537598235078065
4928597718340626472
5597918953716155799
2430204592440367228
972567154730870310
6844712265819528409
1235732892487977180
5045402041190403219
6597981382309269962
3717370792678161209
4084600578201061707
8016747816479019914
154782945228312432
9010194991063579879
8799200036483817427
3727749929159444966
4648772177552427311
2971616541500929601
6499287175950792878
5830136420017041232
5563079840897810959
8113340427349403346
1094417564147684078
4799736882809256030
5148045740909515318
4964237442443490538
4705702460008771734
7575654212387372742
6740686583172744208
1204518817778545748
8137591935038463139
8860698437199963449
4912653109479704723
3995246331494296510
3787200703185522753
4142178404332280874
2844297308283222601
2555706603433129902
4215742678121737516
4338360683759921654
4739742418798486637
6709568600070983003
2134060200588562824
3796355603675703298
2866797346647231518
4389183831128257249
4900355247459043791
6772345448091754059
4413707559864701260
885166875933565788
2737195633085228411
3287202367044811505
570195326958688481
8178767189468164566
5594090106185909787
1529146551464508302
2627012288522490757
4300400395541925383
1111449580687419255
590261017889144004
7901821633298675496
751197072517876758
4694799312309829998
1958451397393283815
1989821968003754090
662528533356589685
1281324452610916443
3175130933969166289
4264984942759355650
3976027545026902439
4422287371680926077
8127351967893551360
2432957288962347080
5359459704402254133
3624769542499067668
8029460872746699689
4473989124323712991
1091499661419284880
8655423939937560042
4629590182417672844
3017830943268420390
4548293006903317019
5407421979705782959
7315980706084126612
4470149128249776749
5601058565760035323
5779828474692016388
5882584414596882583
2749981688029816822
908422645777567240
5323493496407822794
7931134829374460375
4899351311296178780
4320282932876077668
7283624235635165503
2303910679801190057
4281474658721660939
8767852016880076521
8576708802964769183
6148598329561094779
7937994060460870060
7778255218418296694
3479898272713856376
8851811673611692903
1932086538588242822
202998820465023856
1149126328364558334
3476476589002967759
3608675879312967323
9064233835116594206
7377238406960662184
6709081900817877540
8941364580968656844
7256366555796349764
8532131863127796865
3895705670567540842
439173464969188422
5527213063432570624
8884404577107716547
3001626587243218515
8049932954177751795
2729753908083914839
4616496938742082853
3224304618597195585
7334335322224786204
406014053293722980
8179322999560786646
5443171650006260219
2664120859355120659
6155906000743108905
7575078884293423354
1198465622707287975
2413566939083324794
351725354191607807
2751120428609147335
4972878304135714993
5997012633513396796
2430684835791065523
8175708238941346591
1773252007568838954
7554458604621261358
436273685634284567
6980402922849367074
855126179260660023
2407412823336287185
402056052612916305
3394652095119863919
4198649317476160998
4665404519370777224
2838816326583197135
128671055539100882
2392985322140260745
3706572817932603084
4995840858012893165
5802904580940806087
5008973815982949701
2763323835475383600
5596833753758422071
7770307632299837129
9116177947869412999
7188540648218623707
1004645125836282096
4189609684354578686
6601332678360654669
7792208188911471152
6312542079703978074
4995270795906434484
3015724093343151889
3951915920541335286
696770032854974333
4421491403970608068
8633666067303420570
6519336921781329002
5740218311477151872
4628629329687607214
8773069216086700622
4947117553225237262
20482721174257713
1073149660548018746
7802145170073770616
2485133267793208020
5322529928463807395
1491203354404237156
5777154965214520454
5548908626302032506
6799933874751263933
3945797256997354965
8261597736913955420
8498740994697713413
3669057571476360332
3559970086758935064
2264917374002829005
2012690324188862600
7305381580495918692
2158859953068384179
7731326799586152154
6186543837868190674
5860138656520267938
2277701793923331047
1755283087317364876
3799961076415268161
4598381621022334792
251054078649879597
6495128987668657093
6673416224428620534
5754639358343196651
8021813329161683505
2783802652013442960
5069876973200637919
7292289072613807564
7664649290979508943
5846919818092254545
671489831706825897
4330050383994505508
2812740821675041732
3224613425715908313
8984607971382322154
1899524577492872545
1410520447132406083
369043235343294647
1147775509638741798
2084049569036639081
2720111275163188585
8869928918103994831
572084226203388679
4350922866903977793
1852513102960366190
1016517309138785471
2131500488828967486
2059698800986450659
2386544493768415174
9040724184675450124
185374726844308312
747192405234013994
1956893350003113011
2326731832492864428
6732101033538972959
8419813351023004190
2772271216614703186
8378587865864720488
8769136340335856584
5813143468854095050
5508163545999800938
4885989684392199728
9052695802467447254
4564038791227407117
7711074060928959377
2527079776459244580
1267129908466668241
7284334150150372791
6168024332533338983
191677746414616671
6140831108570355477
2303242825918365388
3337130167677245235
8331718943393096628
7359937773327484355
1729413480166306872
1601749742610139433
3816109689909786509
3077108015581335078
3986912924687368631
5023886732011380726
4673527279542126160
4828403058641032848
8220068694037982117
4852716678527350924
5833738815732143534
4853971445665514992
3942992505508379359
7342770336763789529
2857780778373760603
1952699980642206836
7586332503198703022
1939692095102798622
5673436560128013359
1420025599934287957
486801098428239732
5881976214253341951
9090651429058069488
6635220515139352173
3495442432941572562
2711930780977164512
6257126451820134132
4562629472492962449
7824911061935901489
85631722935995449
7765993973859922790
6986947699759304275
4839909135856942098
6181884411108219005
8182918076131034481
5819589163246687666
328280611528216022
4261109238019410948
5534974065772775732
6835454654880307836
9097711841909151243
7749505834661944266
6244933171089048032
6567334407721021728
6288117082132324989
8641877501500465853
6540620985849767250
3324293442180635271
8701879318224645454
6398580460036417273
8253966098262403916
2708247757182369211
5497083672407526697
5775830979274499040
1009123738628763409
8665974747278644538
6563308316944252659
8381204966093286336
1143562695294007815
8368890064657254184
3525189305025813845
755428602497150932
101118881189850130
6134355454982746619
5975886712671804617
116160454146879691
7681669516894696027
1377688688141917065
7248803600565154536
2463002727977672578
5647522159666062538
779611875673746512
3825572300871044317
4224676750467215164
4237548579797152239
3656977436784374945
1138425151400299546
993293443930379298
2618620106696775050
5141046332231893736
3090102885095820400
2617042646174498864
7664557270760541246
8719565485735338467
4799871211842593273
3910379687645822028
7379238520134428370
7983409577318951463
3324546081487715953
1821886185521971023
1804508513143847806
5727749236458837914
6048302714620599327
8602322307138081159
5786423997616306119
6891714799553556409
2443345815116392776
7597624120837450520
7986705901159189180
8041005749811748951
35444926291261877
1319892355243270042
6350559725019006215
2572864571347001405
6756562270617198996
2582773419327248622
4883113216489499115
3211687417572636578
2738446015914173929
1920347093213716980
173084685697478503
4315681895631789066
4416863374315686415
7207435491557742448
755459213242939900
912621234471272754
9165558381090479192
4221235112611338806
6233511657422912778
2866634422558597679
5269467335818500026
7650815200784239617
1602699804098091972
1138391473839889020
888294398821738009
1368351931816450212
7423542081867777076
6296531900489038893
7607563236079594480
6687076882908723494
4139642312479063528
3900162649382974518
521992831863036997
6323916443173607185
6046349121882130820
6913008143427633215
7640840666475432910
5679813704509678733
7308759950668343082
2972524860772192954
7417815825642903937
3254605317644323945
6116633848341789274
6116531858882267105
3047919814409527311
7568293462175117156
3026149122337847340
4140108454603277838
8679448092263360331
2645534860957557662
2423526397596231354
2096024489395217307
5782769568007652277
8073032527627223756
680501178816621292
26715097524288480
6874925635209296491
7523351753924964554
3293382601469103644
3774423994187616148
509152274948419345
7619559383403439771
6995115747886032468
8856407786494441153
5973834519720252279
6685195241121434575
3545695541255908052
5344860174110053701
4360967073229592455
8908462502749591389
6260419415675552717
6278283717648040238
3020786210715016120
6965456965737362143
457935058638688887
5149148443168702192
3060877864663424156
7333984050125172979
3170126555083964461
605316788667648241
1078434793789913899
3749907281529350830
7787506878311637424
5529504804714757745
1934926768808168721
196039857713241649
2037462444557910224
6018505021262029013
2150928964103657561
753290833014735276
3169828049904292010
3489377698009470873
7742680777703496972
3640958976756635117
4008627216610055181
5912228109339467609
8315828739590471104
2888534588835890650
678590808784333385
4338052263891468278
1142873714414345459
5541998528114299737
4698517097007364701
180517674994060018
4664816012476510001
5265730203936328342
8190935369053416630
6953317424115799505
7500548336089754114
657964425814662691
485169367849897782
8709778769517810101
4199367896474765403
6849505580212291117
7338918592922466100
4365738264771006896
6099824017226537228
2601793695771107663
4938766680913383897
5277363226687508138
7532065159283747114
5674103283669302540
7984181830701779740
5895298905937243800
4678400715257210776
1892044164800846646
7108830378627223991
7285651318924983173
8551064187044953749
3305443625660114276
3139305932564224961
72000285372839536
1182249201812458187
8638354282595637117
1644420548260340893
1517647459625790171
4537408105651639159
3804929541260939319
6666650776128823014
7650455141754471671
9220773365668429527
3257522478108441501
3723713187486886918
5199876088333951037
4190976099679487161
3611049719625265823
2505942770840532337
5030704576151753128
2351186274254729251
6286198886002650413
7317922946666214480
6042715070579303114
6343759017594670228
792521405284645678
2183964106587890196
1825590867586379994
9040340730808800566
6300834697272161178
1205811650451771151
8782672265687784785
4804296916161753150
7937214138457811276
8821009403137823364
9095736296700432401
7415323185424458449
8544483388844299949
8675826876159641826
9083320202981516629
4171426271895506532
1328588336419227760
2352848388147548681
5852964942515798010
5990629178677034397
4041374247798689399
3050904055752409027
3460805218541575691
8829154189432064573
8871130742871755732
8908050469025648783
5902741009297952253
6514225647857605911
3961083951958087806
3362851843190706823
3769675758345411323
37029084460364755
7408845660410900524
8717175662905744460
4442803130754901996
7298587034305908007
1919144795575047773
4559252578796969642
330677725240722660
2406782264678617532
3171530904422668840
121401443757384393
4098813061801046309
4529459540751800084
7979829826433228574
6968608463501799252
403445246911940809
5718785401066435021
594970167210582307
1715902983452572338
3525758327528227820
3862896230064341352
1195027100558236526
818009336769939913
3003432921423401154
7374696560270145585
6683535567257773426
5961974417481004552
4478363988547212470
916499163992460615
5126139774844754104
1228907419954618197
5630291522920621448
7621336867053173924
8957099896969645573
3067339136755241352
4808533065536809059
1070864282376610845
2663770169135303343
3754458130970641841
4665700427867115239
2015688638176694424
2367122236026295714
3405877870797447323
8930993852645486272
6542789075596109129
6254369893048134923
6482884250692320422
4235232284942272451
7788027354590713561
7183783200859771052
8591784158905851829
3937911239698933828
1414782198034096019
1846704057027595856
997042312590733837
3766016933943833094
7124238354411944020
4909222578154368113
6299954310044053351
3452302489328719759
7277401509617838450
6730043618861397029
3920049174392650266
6329295288897369673
258044591805576566
5213943837071249599
9152753013622343100
4228048031475892580
411468658494904315
7171807530382959715
8361185273590318425
3176409349935569589
7760074422018558401
2998321916354574096
4610801508229076678
1075328862710772224
1272177453022997783
3700708218505701407
1954471867146304212
2601008648423475820
323195289690023120
3588099686938672022
1304391047953821643
9176391069062240275
5638156051567942402
5565483773509116473
5038956678766822590
6624159130159589920
762818260660138585
4119267794064737502
4642511314083602339
6941232912264050191
8575291566714561920
2870805385767886105
1998169949091437819
1785163465281469209
6768355095170828465
8994161820818806351
4081727907263710063
7858100852244138202
6708628072892794170
8847717658507854828
8901758566437163155
2670382032805142211
618921974948047989
1595356669949837605
8983763379935009098
1071817527033728665
1592696651007694410
5963251734758523109
2500353972861775706
3296544160386325232
5094825076673236169
5989890029803048136
5350752013283652541
3839557605137312910
1587489897616092751
8970936278957060392
3887225799480218553
7128513620097650687
3981436440960196732
8519934538008856098
3562972729565776647
905053236277848545
7775499706012385509
8816262251129533675
6415951277661641690
8739666667629100126
8387821151287671765
8939974139822670534
1747363987118840160
3849818580713168986
5567822629235881465
9105606845497098651
6620292071882593813
5052914512338800334
398444568403168130
2498542938504368152
8539407854022421498
3933203916570317995
966656354475146664
639591586021447971
899774837662385861
5284049982293278475
6279312942660081028
4439701930613228002
5121385831750904590
3478539022431366056
4367565289904042512
6441046751098677695
6252768893438008923
5173372321213894531
4047410871927103452
3105414642060749748
7665250076339540420
3283395545808250249
1782450496682804638
906771710200127422
691545838464511236
5049924127065309804
8816299809434903683
6303960889489334353
9103597315936893399
8658051853203686168
8237775830758184049
4301435715990265802
8152655271337184040
2466218315868268806
4715393768902817270
8632420155793832033
8429033074715548167
7568940531733976215
6515295840140210
4656165224166274503
759740471748110547
3610275554280979512
8118461166172760038
564578032199273533
8125005634934772254
3239078157312439452
2268371637030704772
3395868003270879260
1610145899497148042
5575864755201415029
7542351106848620966
2280428707412577705
4603138649123670518
1280219858656373384
5370804453664656642
4726686942815366559
5143014888140763815
8143075352598193574
7406642858471599878
7304125704441011185
2453819649709763269
8017293599030206187
1602367767286319610
7461184168846273670
272925568984302049
1019391230726847317
3139045167719837466
8101740521418868853
1911476835818208822
8047897007089245001
2461304934132776220
743476526520755965
5948439221188444071
8598359811799710138
7091443333040989216
6331496105287532881
1556321475511316547
6216358778175171041
4289598970896268694
4830495319522239017
7205870788155894664
72885977334533908
7526851243118864223
1272776576475787974
8344334582164129962
4211254975462022523
8827726043007214191
8090420091210928651
476263518922497938
1268885481490681170
3546208851830587801
519541408939940080
7135910347827582431
2265389239402651784
8249813065538598152
6421700550989768063
8742510666582533825
8172492564864361863
7553063530505747253
8489187137992734872
676081549390162325
3340075432607163114
8032552035805718890
8966540615952151489
2617884520219040861
5024952358624098294
3191001994406824072
4527421944098485326
7762603698481381113
5053675709506604956
4631978379401607029
1626384774001329519
8051101113117413359
8167076981823876776
6980892070680237302
4302222965793004152
3700445762395740360
4696652447982380077
812717123580707119
5140619523754572884
4784538641833262146
8143247393351738013
3665807397093512191
2415706849209086313
3109114424201797849
4652992621552877982
7314836398177412697
928977643929426841
5830767642257531950
4780907640805808530
4570542231419520374
7150579837452130797
4844351045317840652
5349254780346663023
5769696473030423480
3647603908188662368
6849895942175330771
7380460985344807680
8037526266286035337
5638280225988213678
8954809913579599688
2134144511943453295
1905230066293959628
3815657162034147399
3178890149459228988
6375873342364677872
930649288963003634
4853879891359758289
2673652465435149255
3005663886738466638
1953888710997409855
2210917028665878677
8265312224924192238
3754676171827537484
8567777990229098762
3459511134979473186
2540521189913681019
2540885208305027269
4752877816539067859
7523978013198406099
7189891973572263176
4089956356154008694
4085579424400430535
7165416492625044920
3387730187686387545
2348569795117344107
5673437235047999864
1771436132889805972
1974098977669581582
128820354620944539
5994422281647666879
7932176416412642046
1629806877992056084
4762318700568154537
4706783997808524516
5361808721940879731
8578266309141916862
2098502092882749156
1011960135237441497
3001081693507024373
2496300478389917461
7737996902917515291
893124445155823511
3587519844453873794
1071996587188073218
3518555159335175904
8251276828042402488
2666353629685291421
5751889336397022360
2550427510982689844
734568684994347649
4605824483319511858
1750648216490291622
2978536307900385649
7022427704798867776
2033699598277007311
7578473131028128356
6992148389561790638
101123793812656776
5462247433096515109
1157663014258704859
8358331968440582287
644025581338563281
4031615203715591707
5406063686046808537
1959480713638623761
172292670390286787
6471948602702531990
6899361486252001523
1427716291042943111
6245002417333406052
1480763421284593878
2056111342320690815
923217567482253499
9044264829977084641
9173645083980953222
3660843457180441536
2199237083139418164
8888333343736997960
669996241618118149
1239481181711478081
6686755293433084813
6538419982917884384
3877304933080021460
5178628068961795461
4791188645345883463
7238840015791546343
3946009471524295027
4893535070900765905
3893157021830064670
756015104938843304
8945858433473653882
6557626977721142631
3626062750631793515
8692347496355455038
1135538617284490296
4390865208048440678
5323044741019911017
846243712136004146
5278297351751345777
1786113869251171399
6315502105732861034
3939654853483103315
6382074571106425817
7990776352208142797
4522709129940158409
2634407812162140263
2520862186556291739
9081611427557915025
7418059280867127107
8879567988662420299
4843380939300091646
1739847943604465562
2986727567337785652
4071996728389228046
235902204749658964
4897571410221462620
4393787215000381784
7533206676451253963
12057125006548226
5392567930667330550
6704671653498759979
3590610244379811121
2033829004999186724
6162359179408781264
1522082676175906673
4743363396272711209
8207709928169612694
3955184703069779355
94147677246681545
7727020760631708356
6373620378482589889
2329246366025297496
455680982393360555
1863899611331391081
539165897580815528
2172900416713065008
87835326499840480
975233357902192444
1221094595647779352
4545348491137184521
823395678636064264
1202360921984085749
5819541845490435253
7733485232752540135
7698255706363770337
5758141675654109314
4601799061727296930
2887536445702257569
7734788900345081743
1148742388501872472
8591136404703334155
3084916633901848509
7832170601949083417
3707747339297371420
1027688057834902203
828406107144553911
7193611998881969053
7815989411731916826
8435458277166805319
1898125111338443163
49289748586228828
694894003048203849
4142999565356596637
5831026191427288070
3911939949710817672
4476115955355481591
2363141666720586118
1004550020317978073
2130276003292919009
6036741671390053717
5929116134894270445
3069413127882493826
5430900392594112555
5127674060133483678
8254027209934044931
2737814787841746029
8480353071437138130
4646029711303194004
5188861834224500020
2318862782069418906
1344378795605864530
2419180853909974941
4381766546357790316
6980662811309107623
8742512875007612532
5556091193477449120
5326654442445258778
8345655428177919179
6829769752596386859
8227221266854443304
885241830775377028
2016660313804017395
9125263892668254137
3973584878233437544
2032153364501595691
5581953288053204227
752699794163808574
6663915939753824225
983993089397474853
3211860664188383738
6527858940430538608
7913016623747373566
4382301757842366226
8120814100279604569
265993255463173855
3822468205310785853
6698350218364272625
3250531952293927752
8942022195497624798
4069615174547102643
717803153575070838
4959359759685772714
459414289284090470
5577361208496241431
2202933251701359886
4747291564626399684
7190065342783180654
7632495315729995686
6979185549815586605
8692667849068309157
7316584612709448706
7911197926126264501
467303304484747879
8371556852852299859
4417655232357391801
3896101688374700603
7565455264321824526
4636758433445464233
5823706701233395825
8375604651645615882
9130077544333275089
3086677318429870352
198721260220074568
6840209348523743750
4896110509580310008
5166180452375678443
3624654749034396141
4362994728772087547
1967928669527041226
1197915329616253791
1676736756221203727
6346800100677347790
1830866201665893078
5881507891502901597
4752926695032454041
2732099003353573994
6142626560767140766
8693562166054733009
7614949010641685236
8902227112702065641
5140224060267225503
2097381322616366417
94360926237923000
8782281802513115554
1506390456849445896
5124799219808259568
1425855580587400230
3961907475589547989
6119993302093091646
6724109755868445375
3628649580262660573
7428805384837569990
1024244521252432313
4712330659859054213
803312520471539164
2384048199160885102
6442398073208949869
914761607511788279
7681749455114346303
5938890633072474572
1242112310682881548
3640553485285580227
8879244422805128036
2024892006472614911
1297793851210877799
6585736059145151931
3882792232046902004
8303657690622674935
290978936762014487
8775248709114859159
8794674529118147450
229711241007819328
5239284608305401977
1512830268280620514
8785098953135633095
4551778303544843830
4985968749374066165
853760117423835420
2318980985728122505
5386053930121253092
5926664674345747050
1043635626184798389
3886435925456277290
7533471321526992305
4360354062204594580
6821946970953088841
1781796774393947886
3142394622262089633
4051781803164350723
2321953292098529639
6384828859996429788
5046261599355197690
3972249657249187004
8417438703039209921
679410328420483637
4572767155344056215
8293611985217243228
1525493516326706828
2219589651442346735
6540214099357382732
5845632880219770837
5746598272263962615
8714172412243259742
6943676936598536250
8774154223831760265
8220497427046769698
5847807925812793075
8816731997881814949
8604442994483280655
1117497216987195638
5802133866258893832
8583017644155961089
8897945679848380064
7527035768560206768
4394057958548126028
8660438995142541492
4893643162726155125
2584802496377932697
3367656467743981161
4416610817969598550
538603254433701925
4635265549782146631
9056497602841189591
2182282589598467752
4420398618133178598
736010189003174112
4704817338318031325
2163102126939187293
6367498831439403347
5836913641099989147
2235387999223858986
1236559384907920107
7180146103265552118
8412224087359579238
13902855225429796
9198443935714832595
1818537333947778155
7724272951052933250
8595315798269462858
8390549808027023955
2450741029832211348
3899994430776741979
2181453661753678317
8905809940297285290
6887958523395180354
805630845400216423
8879102731545911349
4301711911649595298
1649822632584489327
2371880673220175699
6981393097560578045
7034812805764717543
7617461096141893650
9159793738423368871
4149846041137922344
5721901004785517113
3422357346420790352
3802155944220075025
50725926391836288
2819330537032431599
6479834173018661017
5057142492366188473
9024797932970994280
3616846891035071449
2233800977754154896
6628490840209239903
4277096479529549390
3632715554771153005
5130643872278786714
6887777440352070333
3526941526328534645
3303348036522784650
1492785812551166797
3447147007040924355
9064546665534478686
252375590321838660
3968601008998002892
7747114960647851544
1424270158819042614
3117123474381235961
8844298692835212532
5991676792706028807
2989552155375730858
6206127973209054027
8706861825309629963
142813026134324203
8341083701450264239
739730155990300853
3775007800294317490
3925144087911312575
5710660888245905767
45677417567331780
2876638611871539056
8400457164474340159
2187677600958531428
8140007644881113722
3157808352985328161
7105790718626209587
46147535924591121
7081424679037015263
4190554933897394949
7734110078830811503
4425548428879419086
6073132978565688076
5625262194755637197
5761511646628493911
258489200405441729
3960882208836846579
2654151483945740488
8705929389756591100
8544597385326888399
6685869801481240494
5732349531076584434
358458158375610314
3341188597082860784
3815328445222774086
5849106197504767520
4309024140455061161
5283675828217804438
4276362046924638667
3320948935927742112
3063993652775636695
4739361630902200304
1127666217390274424
500378403670609059
5553170199990329284
3167754988426682188
8999573523458921203
6895354599881562625
995504801585044590
3157100955201667750
199493317809687243
7837805024340797561
1221732602008300815
6764523132891870704
3542835193855018755
3413552134093561657
23054388582443103
571221983663118416
3485109481863250782
4442436319343678593
5838222717896764956
3321018724469659028
7572869272272997750
6642568563427911256
5415302476335032013
1006583832437600619
5045719406040451565
8474547174873132762
8986630339795806342
3679886612185886695
6200694414186246677
825168519454473940
6964907030137674157
9086068497709357630
6364862797081597769
3562857604777668267
6907668061138754227
7180628458973734082
7186493777199546742
8590617852060353293
6256411894607352086
18720162083472464
2468917940504862911
9051344718381043709
780531662720643397
4132428120266854135
2046824114054203851
6964729634379671133
5417794770330348498
1252570397447355553
1549876214928908908
5377798380785114578
7076370021092915701
2119291054574842984
6561014522607446920
4444712408201286316
8712219312378802173
5994712250806484337
2809267795706637483
7637676647216787545
7595812480619634740
1093292090118843114
4276145349117631483
2541157328550487420
4458469480283818924
8394889000765475916
2434050111091059766
1516704541130316130
4326217689222147701
8014997117797146288
8507360651705638749
5944328130790911471
4570292401206587398
3495235599001732687
2157493595535331711
1823800078699927728
4943440626188417011
1286130111051286506
9204944023469804133
140890099625779626
8299770398364574098
5634041507810718544
4097120262930116889
3034541616526554921
6094142222630677924
3566918782458189408
7923801279238592337
7381500351998600868
1465890785537705843
2259418579907170309
3833348594006271706
6113439366154597573
1854741640517375828
8798493864152024807
7650799914835194442
7782606534122535398
191850466162756696
8507203328976930911
6253730181592876198
2246115433221657483
7227567936381838797
4100593494847082497
208955845320604062
8112531907113689079
5203861406607115661
5334403535733170892
4386293472952940340
947024124892358740
2748335557249942083
8323182756656242483
4137582573885135044
4972275290086361396
310197748316441235
544581662044692371
7696905198449168428
6932915742054559468
1583773157243932592
8015415513847822517
6455689141374693944
6765930309048922341
8803246911658817431
1306961172844727256
3395832430086137488
3651032853504717578
821979813636445285
2721331090961519026
6717522982721116037
2326310347663392359
7008420919263622670
8746928539797596129
7959121822197555081
3730440643625281633
5444039070388315101
7702804071339920620
4407002063770011297
6243058596717416828
396667227704841240
5036699694911894865
4459478656986503940
8851125910528428269
7452968706442372381
1534339855639835615
42425159371660486
3267100465797299904
4429555034581959902
9095593846831442192
7683177342799552635
4571715481267183187
6546144952533402893
8224085837906958211
4029225121706548075
3757101789269043324
3703612389462298039
618733923965227969
5352377592205289687
6995569751809310173
2373872274595160154
258452673938043728
7758078654454816465
8425440561802339091
3178996219754588485
2450384510754302251
5010531747445499278
5976755708148370113
1323066371939828055
1551545493173597456
6480691900039249089
3310979177948193301
4570261057952989752
8798410442277645760
5407737409831277206
9033672757654032800
7050074731527710273
2333185535148806704
455241332886147193
8687060489483254379
4773150383317005844
8834782991533270584
4267835982550224146
7044422288910487272
4350359453450175450
4929793958010006784
5192029944608199738
8710048096164053329
8694888718309693034
428317243542645522
1184874523478598538
7346974588991883965
5974502293943646893
2929065912285586591
813458252593817916
4273931362063510252
2590406077541557996
7085446993161420404
961240036800627933
1463097604371362094
3129985682356486477
7383360618676759015
4918342306041465586
7394954054967484872
6424135219978039453
4743939440737461945
5013217692741235535
5788103339808141416
7029263612004684439
580359060587441170
1306700618020031830
4386835643313348641
195387032495072084
939733269883696046
7322905495580037965
6416450847860366532
2721559014171503398
7598263568798923352
2009594177386320107
200015456373042813
4345468863604844554
2474323869150347804
2071169406969178799
8369972000981167728
1000494362578117597
7737230182238621764
4428336360500926486
63637422125995966
1690084161873262276
3579379531812437366
9193347555831192440
4326716244384174614
673809745278112979
1258738776319420615
6497414213871863923
1746932059651933350
364894515464196916
8203866082986655025
8437000263540757842
1780948205204260192
7326776698805048070
4808275163012232400
1803431362163347090
3975081026514376828
6905337473772906365
8756998998709784589
7165751789560927562
4283151139121135440
1272262679541485723
8050222328000023632
7986450608705271448
8967958324619695696
4298841449573383187
8028681426765947658
4717010421604783840
5030206095434797939
1785680356595684886
379684183928893701
4826859334197172718
3188537021527311192
3351116380619440304
4243064136620410579
3951132229833961310
6277422085259476897
2760064104904948512
4289473634644900906
715370993254759663
329470548383752413
6660216355722531450
5328884973041359759
4147682426698536172
1567535486264635640
1274001325470972021
4197340643143625294
1612201050602162460
5155366336510089294
8728815308148199527
1217183907488169936
54994463711700209
4358825868846617611
6309600612558019871
5476967995998379076
3994494675371829435
2643124038970516952
3699881815211157980
2102527519553950663
8841841804987524199
6668337670657794325
2109245247950163324
4012038481603036281
5810114222704468035
8655646936872843041
8600478792231303109
1721151544806679388
3104534369598931741
7558410892916359764
91876841359266652
452217076197556705
5665415385620855673
297421886762472103
9109408741803581738
1072638978039413178
4532798003347609216
288205018790234015
3580360374460118627
7035341826741300196
8424416017033310569
7689477187797118427
7541630905438914246
7827779637812286557
825612079998409665
3609149925546104071
3359994099657114701
6190509013097761319
4301435429700761773
3544999273622496935
1388192558793708446
6770043281450657136
5241253837165223182
6700079270712617644
9056987586962047059
2033265213434619288
5572881825734631582
4631724023544892808
4978751078870096188
2404404268122794888
5214985025815170278
7609091650570366885
8355715898456672181
4792693701211778547
616148300130335298
1669760197144725857
5191454586054920880
124023455267996679
9012753323004996801
1506384421411653801
7638498116504235548
2751978186526698963
7671278068512579853
4730995853316890377
4894698911827655838
4522918341919966827
3915291766837110815
3119655762517851866
6805239665516281082
269281171454785516
2582062900274726344
3464572856178283349
3145237280003396626
5351863464274802826
9172888071592101001
1988109758084953321
7096421300232234939
646679363908564338
7836339230093011616
1701033542796485291
4153862184881893305
6591085286905233844
489545020600964148
5118328952604578192
2631674860104704233
266386954990819620
6344534275895585963
3917907569743843067
4638335863785041360
1005101029848157759
8242744651997691968
2753098653333117732
3552173745712686089
1376710342373440558
803693169431679728
6013591874048979572
1658014236546817412
7723231726177692144
5760222513653551638
3766480676843850588
8409602384656412081
6051960494771325979
1401303374911051726
7585434829506891940
4605508494581023183
3058672695634670718
6503814454789773602
1136919265851914303
3649641295568170117
6428970675986792670
6651489443651383548
4635969340369966275
727890643088511058
4088911483526140113
2771106522735421925
5014037012632417425
5462611198875872549
4459244228585946602
1035080235034554766
8660578703205812506
7557124840561142570
515707398836106752
2309617337348203366
1560969618072394040
1289366135291476714
2454580021129215778
2823899628306425898
5557922645690522674
8650340194781735776
4927323488813611918
527299027293594733
8080118552600013753
765057020756335280
7663273147949371662
6743031839896917135
789416836712473880
6981757065207360463
4976738171933947719
8105256337269512660
8416260354502812294
3008316796111021733
6796433467807558717
4473194960615195940
4524540991699130969
7984556773044004789
7768086032300506320
7040269127250560964
3685840881698970926
840167561400451011
5252790302752243233
8279963529406571459
2896879840414216740
4090420492061264907
2306840195399832849
7890195616887366675
8745817203682226275
8104145107503795383
6283291642936596131
5123394523994810561
6980737289844759307
6071498802983152663
5843295601336974125
5959197311177420369
1137741296022790706
3695746881216111099
4575526239885585085
5521233101683655714
8062652320195821325
7751841881087177301
2644133784552879728
3189958314605022344
4539052159437218936
6654524747756035521
319551127434411946
6640178577654948290
8885339120441841401
2097079669780095668
7033930204287304763
4409090606190004697
1975284615808601714
3046893755340922092
2326502994470979821
5275548996133547595
6626359246931418109
3690966622209768526
2748418173126209350
8356674092845530768
6069724706646125921
8018543253167388023
1262289439279857264
620548858798451040
5218290347077219593
6884453656014802757
7362757164470740434
4282395729955148750
994779901360304145
7015225475862788155
7041478465767634391
196648111331273414
7237530793598496723
4036593616200523491
7751710084043050404
7969126910737665254
2090044784944407720
6419968885868975562
2817264937802131008
7647112751325886310
173446595818466136
8539442682998888858
1951922547368629484
17705093901583386
4249518685719585099
5855671327697783812
449311778137212515
3017828945798229143
4440840878827659519
3233456006785334620
4530326860215341672
1051233962100769940
342934338190708160
7818569828860175842
3989726496875842993
8075883597009010077
8098326952354073060
4723849512964596806
4628072789419365451
4117582055429372052
6720904879301032472
836468443827362373
70868581734730997
8860672354808211247
4834383232926231653
2004492107086363897
4597041486209928292
5063379437764403090
491170600600448045
8436802047254458359
3539004117114417834
6053227285400383366
824508393756509011
5948066859815199783
4967088725089105036
6459985180882789319
5133081177699840460
7508068745784956546
6299097131676097039
5430389494190405528
2057509046916178733
737690723817163544
5134635740200692273
1665826143709203370
3004002237004475073
4918876293303529196
6273958399152234205
8000968911785939757
8161415377299994981
4999921805157915493
7238555119484557111
6097421958947400218
4390154437723100585
6124767822726521240
322567786758307532
1449156179889740661
4380800016059645208
3994321013936378796
218522008062630697
6667998115096285330
4554943396315616759
5018904401733019829
5853475075621563569
8266663930086160784
1205309126682454821
8991496043100715240
2476051027821821366
2295135437442767072
8925312675026278164
3867587001494908470
2170279305679147138
978121395631783553
4999476319063535928
6147271758846066414
2993181510626969890
54085639368125671
6037152128566042555
8979238529491471656
3726033143729236464
2353536016030615556
1306217106177546629
4155999143400662235
2959465756494417189
7599689351860250922
1648088887957901742
3601254860919777704
1638465118634225112
747002901100900827
2868018028274957974
7877395118535182208
1534074902014047667
1129856382588911679
4237317633595207930
8423210152019015653
704497239262710181
9192413323242686451
7620009576429968811
217032666455550939
8304291202508527740
1601987196900892278
8576914303904640214
5414365591410696175
4401007126426316570
3898364561984820274
7108134303120353530
3274802758169243796
6767871234441861666
761574775078361190
197886595645310686
2489055922602584220
7925166591475845296
8265771692697677844
924750325847197768
8892487366859155590
528935858642765642
8744653681264189289
4026585739622262698
7649622438656211165
7211251859882277677
1102446740378035406
2880602856462834654
7144765011623080742
7447466808853238392
7412648106243216808
1906341668443313244
2305658942572658610
2212527302222826904
5408687871747914630
4903889085550567327
4489501095085339887
4922620396888006011
1785995356715070361
5702542931664684179
7547624351380135380
4755118882482541815
365924170931516044
8959964169746993378
7377832921258220052
1528028897511628189
3371843838186516430
2278354239960697262
3014015471377748335
6737486985567950988
4679161878371536178
5768417165868043524
1356056925423770319
2409589460617003515
8474578394900799757
8498069956290626152
4880732686147286435
9174163934763497977
5706521832934503545
8997909547022596549
9181902052771073625
8725085166331567784
1443583813092432966
3029444746436985708
826963163675306355
466514900646182218
5499951274422613886
6960974926482312722
5650866284531646148
1724303386614763662
4827031605973922472
1708734700228326824
244368155683718473
6460648605375615676
3139633684614104528
2431970692172811789
5734614428235253231
7033965007466236604
5740808326992285353
7028007700998795996
1696222873016922811
5883821115072788623
5434011538557898746
814553463457602247
4587518192884026184
8952660882332259760
4911958488901241348
8645951606026657497
3120399269309945837
6944910723398014601
7802574380276256965
2494280354650012319
3917295280490143728
991755317200470101
3066531647387154665
1650895409529731353
5819265531449868745
6770049439786904685
8843827777089340181
3777235962852039935
2363342019862408082
6957027331858487868
5397820869386644635
3437633223003277824
6252881393360345963
7121242395096805656
5001857691123818845
6339536120642791770
7985208835728352832
1932622999086381693
6947841629676961767
794832839167321508
9162120967633774884
5413511459873898823
3018660810248372477
7361004843646553693
4110029724669264266
4284397169711235672
810717775118096735
8351844643572942343
9107304110115163182
2940414194549547953
8364773547330244902
4087655717747220159
208716925390952691
6622647717976293081
8324548765127744965
6535907640817294342
6460023802382855986
4930317704776481666
2686500957169058958
7008540484060242982
5236726581178320215
5869639910060445138
6089619326146243029
7682859679945668222
2295909958456134480
1694107377368772136
1471946754995115281
3567809219981527107
2468894313207712620
8248313024705151936
5499673253264517068
3235199555178782930
4950657280876570222
7165342410199631467
7706667811578203331
2458526588977187195
4360927756196119599
8409510720706425458
4152563094421946767
3133016010082719744
2837154685225897893
1335300378539336696
3773031724207929357
8638487427763871150
3195920000939432779
593605515762434411
3482557540335727418
2837627649418613056
115523237854863523
8180151499083024230
1803816229987524780
1357262269912636418
5215971325835388728
3260755126963917330
2478172378027923702
6870368778803143341
9067671396031975907
1295399513149361708
2787350487878576360
512552212867936091
742059413298198790
1883064172951441519
1178644325004527873
4444365045392773971
4094118971221527748
3221414876341399750
3948367010085002432
4817798460578667803
9175152035698282061
7239644796201864494
2798097172353861605
2044855021096984002
7081829911909106813
9182718868596281873
8039266317052414051
370198111338410612
5700310829412018055
4967123957069216829
3133546820257689584
7636252369711671896
3510883825038876865
4505744089842722221
5038406532627991775
1195736699948901033
90861367471434581
256085690572608023
8524115731979074718
509805030296748970
2775958944654136185
4379069998109743755
5502537579751476905
1351548768029994999
1154303596392299055
977958153611255161
6161667352500791664
2868188241678750203
2761309100121526057
1274209371528466082
8083840712256217698
4560083514679979779
1425106245844434489
2194803221788481572
5032781134552740814
3360312053929707351
3983828350893089579
3023766991651272502
2577865411908330923
3808458643854947467
7388694144842723570
6687452498252442892
1229143301562572633
6189920536039113258
3497834819468340205
8060608651503695094
4929340287687655708
7709409520522819792
4531912829884666385
5917295084158746772
9106125041602011728
4247575934218419801
4035010065434679642
2937179431490392420
1317671488320417457
8678977490464080335
4820726245591515006
103241140945243725
7289826509966697831
4109254317502203720
4691269887550643960
6126832793314314471
2876632569347831900
4709255132685804477
974243631344931135
7635145785649813321
153837710589426459
4384689284557439426
7276291905286758844
1432852417498258860
5944889926837496781
7351001796253280880
6892404538179639689
7452924699671223563
6988604487526751744
5284056964717503105
5704071424010950462
1459502714610057859
815251018130280304
4907106319754453620
4964659790000870176
5097916889958974265
2517502060161428782
8239530901374421365
5684952032865812670
923281999955832170
1607065185368000460
4364868411227308760
3394870778687133943
2942012207607829323
4691152265221044687
1141598131993468651
8604301588301726154
2532017860528118825
2084480993014215105
7279006802920280008
369589041476126927
4868430973271970182
8454074142876817972
7701012373254555719
3906871946900456785
5822510292768117615
2925563208562861796
534204627002931202
4468597613451775762
3734230087646089766
2760541974793735437
8501867708033954964
2867749474209245392
4615462621516654806
5188462005290010942
4741172506136610556
5415056177788709938
5833499716823055433
7789496092180025467
2700611322222122673
7711688429562981892
5761239695740988611
9230153951388399
8730344652658568220
8411792215925928228
742755264155525230
3569906842394694425
3570689598249927770
6403174128594038083
1018602721205829209
8094301481482614771
5041937781122457147
2448552235947980131
7140107241713397218
213090253310175056
5340620907139475347
1611377086890205454
8170343544785845637
2169288980352925207
7956888943263112916
7345635346061558935
9207122042062468346
5300139673398669935
833646926014386333
8112965552915088933
549254603611926449
8024552256120503300
211582173134148533
2334113756671224433
4467524298488762426
458999623762757610
8155218827689556313
881250825575679315
4786952739000700401
8706436964513873849
4538662740636531501
3392162078594390842
3660086820112125136
2231419191860039129
5829729320339396622
8226731237471329164
2715222667102933514
9074925036163452467
2147048781625954346
5532614648884930798
4055169124916214090
1242050031407252445
2384832919225495850
4907240559625672101
4954742467075906285
3719184603260449474
8471603436038225590
7411974545031005741
7854079345098035887
6455337496067431388
6304817926733760037
4573673334757838965
7428672508101157240
644579419184120533
7805516980295872349
4536017071876358004
7063535375395639030
3437432334886398413
4780311504006776658
8603894642435347300
8289672279445675495
2805773975359359161
2830366701374886843
3559581961962068754
1150172302283752478
2701162563076878780
6605899857712950948
7020826429476416690
2635572260519234766
6315922819025157938
4197723052825431296
3858565758985902897
545531384272212619
4597539457886708531
1639016133537748962
6012612740250711779
3956292022664574279
1128356130871148277
5725356790331500178
8416124143651765468
7802765816126042430
4346768518209685705
6632405248836541111
17074386468227768
1628424824784819606
1283383895509922330
1798254402409928556
6249871478708645588
3959866668703718221
6959937533491408855
4307588448826275263
819825360579970100
3291049827589063651
1238664081290214710
1036335700570798456
9204427904940876677
2640629733366092273
7978349676642233277
1633636554943444716
1668289913186375765
2220039859548541556
2053855068767911180
5035124748310357030
3091253305712858360
623412247509003893
6295662885168198313
1982848194814756504
7885309377718798285
5387347393192958802
6065392948681570117
5898491572107054394
2668357623824688159
6670234816094705542
264448104858142683
2912354710590705868
790937895804048366
6373715047335222969
1389108435020265011
5699492158402096224
6671507608084689535
1163056351895128997
4514631242244205144
2319485341269643224
8594111098300358752
6642981405574529349
1839773920941584665
2018342331202902870
5323174512017048427
7174004590273239586
8947138806234906396
2568489560496602393
6887008700141175311
7780498762051975900
1259633531170908176
1936920001745344604
6260004277588808964
7003485296932921034
6046743813086289684
1008616050035598437
7952658580568915390
3938908611409678416
4126902296480377499
1946348397494678603
1376822394773544303
9192086814700719402
361731370269420242
3073849160793745108
3158749952668789056
4415873796530013964
7839229725597676532
2390099418422003153
683693745435294968
5725290988808280649
1921581659648415165
3997769084684150310
9121504618402448977
3454427291006092752
7736959193731638735
113667924973038510
5742797706103179531
1728283757315532332
8498645006626735783
2693463596938541148
5273781941852359024
7199746829483152343
7084540350979706187
2981799731673863435
7641016994377981093
3613646833786053703
1696230570312048682
2646401593237839425
8559768610569513416
7251409636911280805
5142444484583085683
5036910300750408489
5452003843938607274
182646377538806199
8190530828839693746
2704801950754286304
1692566227134890929
2543658759661466255
1552631809030220963
4562260063237951136
4876019454453705276
7432823859614582402
3372635467430295752
2606568233365999298
5587925381212395308
5394523850932456084
4970529303688176758
6925222509637319096
3808358927300127670
1659631689886765246
4006921069276014991
430818072852925049
7892702115413957454
4529247026784908577
115236083767375889
641368386356574860
1979805301366865934
5712053718538161818
6199788525303122090
4222556881945638995
7751947338016254018
8416596976497025051
5101005797863277559
1353357495902759753
5517461898131665051
3073604460366301707
5492085464742977067
2052683988263359201
5420712876712642099
7922164514478423400
8868867540597598201
1399679818690408320
7163009774574724442
5091477707593060551
6316988577577879099
6817887220937268131
6795193096080908994
1350836382126694184
9162421750060327622
6053324517962129576
2507167669178483878
6860972054786533935
642164976789356783
8370769676983142037
9154259250601402435
1739583004141608748
879333861536393750
6630496081990705338
7378214946931517901
1913668845859590742
4782799049149717906
8930567213940051905
3328012069701005153
7453481787196015200
5800300114496240736
5743611657894946838
1937009961965473564
6127125494739227770
2189612118563005622
2347481857286608511
6746373071185314707
638661490481538930
8679985727549909921
6125170572381981360
2733640553384497193
6030722578606348932
5776359506840877741
984080635417066144
7347575640411812711
92269408320140735
4771593366487097046
850363887266058339
4241528577920921191
7092558977112911895
6483120438633327255
1904208859304227719
7043307884882313531
4977212498958361289
2422096126284797521
755057348664047706
3364247674153919963
7645171680451964187
8741561610836464076
6555870874801606356
6497884252099029173
1997008665887954742
4330279812634293755
8258425146911025991
2272299596176168977
4928319378169693189
7294983364007464907
586859544414558419
1669341194706274519
5471878381197035805
4837978327411122157
1313680090794391678
4456737157684315890
4147495473514208373
2070315423586706403
4184622201573653372
4365699775337303296
3708799492121268500
2482003337630307799
6344489044697135072
6128959578270202960
1377735324775083102
2237092456384729974
1795831258328604125
1790590263744360051
1178062662886971835
1340033742000773028
5335903637292995838
3375685609830257096
8116012819069362680
3965577299843121517
3064298468801470311
3109221593759326845
6882729510715958338
6761714357153820628
3691035737964511058
2672702255762146678
7708465134795792910
8447384000306709277
2544076362913539390
2620432691799318471
3579964422202116376
10653466129289268
8156357328989588008
6739853229891384046
3028054150630460880
2690291977646790269
1135748931507474926
8400895483308998102
5297610944693440257
7788013480438012483
7639322724340072775
1008613086139507130
6244514874340251632
1929893012616168010
8787983694451823864
5789939869709203918
2773244142509746341
7865487739090334411
9036526563833257860
8039248819265063746
5364716475215045346
6819018149419766787
1165700079527334342
3323264515177158962
8709534141173524834
6772837279283779588
4027737389547256344
5941635029416749411
4070233063867947734
3910209411429339401
4522865827068633006
3911361342427419572
7121063627685586526
4419598319934697517
5545975198636880441
3415223261697033786
2236133929594042992
4240737318853622490
5974901063158657648
6463813842290780423
7653462769977420123
7864216240068850739
664191890817251556
4403097379886736476
8493297820302816777
4760272017086344609
8036031187151691277
5002955384607113843
7176856486473054704
8429685173782382344
7467930261808059437
6619301135243512458
399662319494333999
3564940425884220665
563385451053993992
3826168183675688902
907545449346301249
4745666004246181533
2820806468766243082
564166988292177142
2623125439031904993
4471515386747305310
7431761805426763882
6509016193624874009
1774125035915786418
7580077068635286087
2670214922754946056
6523010335816291449
8875069693756965672
5493405962959851065
3100687977376352049
4183814355122125553
2226319551340308147
5827758342433715747
6295992766844209301
8204876392143436406
5640304709831572557
3619958444895606397
8763234057681667593
3556156076940428743
2764054134483278777
7013048072470929040
8107451779334086675
2293478916302382135
5742686405160674088
8446153278413208578
7613840395609447188
8657225690771935962
7473861079524174429
6335140547499987447
4425678162063759659
7009101503760074878
2334717722245594760
4140944101288460333
3634781636066107559
5713414434121057493
5250640127224706261
253317545146342513
980577711613296862
7076575872663892556
1105809792502745338
9097573162255031942
3840016951073052488
7098638753743731445
9124708542012855638
4563134929365313911
2454212305579078326
5564078665216872057
4359418198791431217
1330712039396395722
1330583232396322274
309415250814430612
1313493456249549542
2314830792693692946
6432829210826645454
401642949847037895
7727295745451565362
3385550437862623800
608992428258744801
9192391329409160174
3587309522648824774
2031152784717263681
3623465158669595138
2768950368171668542
8772283770978922803
7800107443019514521
70194089333258446
5056584412860027035
7105768989142637199
2967678018971568158
6661234921034544876
8936661683276872037
3350186632797503723
1543559655939246
3544429032575753658
5057862995677330971
9013782571091475183
2445893628823384384
7852646928761385058
6973392399488456873
5721383651554678133
7366993129706400276
5577189518316635916
4705184567147357914
4399149746055755989
397584064619086793
1208947992757348998
755406259666060223
7139502989124035573
2077794585011036716
5641507934280322559
757056104234357692
354558446532405768
3880336422867651723
2689436459177920757
7464078422318205535
338872183236132559
662509322693699891
6989607800631115399
336963659943575001
4290282201649463295
8388764171439286148
4455373637747908932
6517185343535948223
3769555183932402518
2665992334275447884
602934113781865777
4291650081594705659
2437060494717630701
9054565954771513650
8874716320044903558
6913319104152049350
7767086445251858771
1149711562432123932
4168490676324089584
5736274784113884375
5821013105261691083
2293664354762083709
2235549091227361052
6222285184531385233
8100881479106218932
4110079895869492890
8770275727051585191
8449035824494624671
6354989801433173939
8591023378087682137
2801344140719635174
4082601890002796387
4198248888168036410
6872521976208765465
6965195556392305121
517803733154071713
1992745227259452563
627226647819423503
4644850249665272030
2576659494765702207
5428123732344536996
4236595897175868149
2632756965750075886
5498351243877549160
3196007720532354978
98000314630858524
3788809472208032710
1803679554602149696
2994793749695225020
6122019572944118848
7106980088859748731
115277172615788710
3682693608968401311
7583033306348805114
4334929863230078228
4692536627813258545
1501711672217366411
4712858647956887350
9049299284316964286
6839101950253157199
8220995483450004779
248773783637640509
5671021827957571300
4080554339313811527
2383179834961710972
4257557999895047213
5680112716701209371
8914008967073109084
6466670616621786884
233324302997669630
6471885523269150104
1665522655900224530
8548118423810981500
1226208916500503949
8016438544670955656
4371152936117420168
7934248476207404773
3371790044466343301
338206581146925705
4446538947114460382
8477475664359982651
6843936903951621140
2960828896872222799
2890360135569143169
6675286220664488516
7654397317336045342
8793021911966464352
6284799590079107833
3133568247858435431
431334732898252081
6281260901254863364
4461327735445336617
8484647503963956734
4295610909876350015
281707574731043370
8503782399942033534
8595502698756373760
976522748176362856
4932808744200888839
7924755768361644585
8727220521104781690
5369194386594379837
355727186369420236
7371885113561087418
7782150643260243260
4051667000805741337
2806194321850313395
2835757760721608015
3073039491887310828
2611803960249521291
5232351442108485933
1613497347152938477
8459204630270902859
4695805258534432788
4862477889410974368
1834022147833527578
6816604961223671912
3780044465881149894
2053957336893729718
4205298793025424517
8491989042244463390
9015948929134687950
7035930404322919811
6997084642959501348
8484736286546721260
3407900127899880987
1227294745014468601
4572275769437122695
7233904362249909380
4475052549701690542
2894850562777389832
7631760692574844811
4597827856378592201
5623002491316674608
6366246013535241103
6052184088712244302
7339320315926207863
6440246754813885396
5815753733352942551
3153266149343738420
7376016547033545754
6209851015656099376
1731508951504197222
5888313214601762154
3830310840083154276
8320189432361027984
5010708072417000048
5539945665275904032
3180045714305750873
1983413373085617405
6298357637977349931
6105711786391510354
2223752562869311789
5079949064244629838
8618156635852692805
9001900820517673259
2688900463966890847
4531185344134066549
3896206175081952674
7628510682912994953
2551514957379987990
8571691941863554373
1772749099256654247
4466017558129453666
7260505928420028978
9046023177143864388
8667411587074301838
5748900692419931031
2090622683845479416
9164454715431435757
4485986219221288336
2844660702662798441
5568460787676144578
4951303796520763545
578356846281766693
109059776635347951
7703587124142341882
571860922787254412
7421558465933282472
5583438794812748600
8454158631317574840
2210891673446652087
4159864275121375206
223727811203119046
8848216340951093635
2772291385143031257
3642824894066900731
4912869210311930004
7095405609676167546
2433487451822433953
7864906741692089726
2068398701492203978
7382939383036117167
3283651585731026070
385967316018863175
6939996282892043142
6272253038523205511
5769911891659867877
5633617794434162359
3409392839978676178
6133389387359067012
1119712318114429402
406366700412194070
808269129404368792
5187950051917387380
8452133417989977158
2336956575732832031
210138790146029900
3885934736360948072
5176385514108989538
4303468973580811176
1959119820119528747
3602907551893343737
7921063643362253075
9000185045033902368
5725397525318788338
5883734404093907771
4241292757420833580
7233108678788938282
6277241469903857244
302349687293152337
1209511329771589667
2193906215184973716
2090564635521493002
6210736616539867196
101533175385106566
6861266062111321161
2739452371766646505
2737734542933517108
8887008606438962142
8587651620639888467
1123288257966831131
3199321546659613385
6054738661466029570
229282760038393926
3710898171399250246
4298583959178704519
9109993095771347051
6510483565649274151
2214393787173938246
7869410066544485439
948747039061256384
4809976093392513295
7517309302680100853
7399294389335174074
2952819968862019183
8848842619155563096
842927947526720976
104031991430304660
5478005626959242129
8598923670483719488
9094176483829434241
2778216891180322203
5549321194878387514
6564207804848878826
4544147957331329293
6657158215374185125
8459096197900854095
9175882744446484236
3887704862399109007
5958392982263444487
4314122515271127145
5680896981664698740
2985664602438320614
7164491533039214442
7049640137434560014
4440954655904134707
3672338815147158725
3011322251466986596
7818829291409876821
7185551151791490916
5129233818614356336
3759681249431253096
7578164751399577336
1118201480198907857
1887028286827049886
5514933617894030055
644679975081633818
6201886552419291192
8570304355210578603
4404966044405641792
3737923520510084544
5559885596018428416
3400634005085941779
9140558554348813532
7775434224614346385
9062504590971137303
5267959526632876121
3705271180997277503
3761596693215068299
2546291283028348329
406370788705450971
7018223952352006663
3707479374646381717
7591475337333430247
625941173637908698
6106293875348804231
7960376901989311714
9096252956423139542
256735687445471139
2934062243606446225
8257276578945318821
8543903521725584613
2810307549211164335
1536068453962702890
4847555266175458062
6192759222178652845
2440758984507431898
4861725098916933052
4758149845102800100
7383135473821620309
5733634978450298856
3813251816686549015
5572447721555017548
2621008253424087844
2298535111279700646
8417691632888859452
7351071330591820115
4722528750786704691
7233126228408773348
3971097865043314417
859844260858957996
2982065577215663630
8522840332339140105
7901131624678287192
1666180469787525447
1444969075274335487
3398475404633238148
4469062601015278442
3287901989767370821
8792278786071782515
7821883552348783919
6508307032322058564
216858511681121454
5006433554187665796
2000655060465559420
8217608515850876040
6797906410614945222
1898672071019016485
2749961066222389923
1329555954568296183
1413126466215356873
4754499104700369835
6808947814065718935
1696540520765055651
5720876433860049498
3686266948987270347
1672202913386040017
1770601690653527370
6444304657645844799
8525628107116313637
1288390438097257007
1527946993246496734
1479863024079072562
3166501132242951705
2390918099838972005
4997021638562430154
1381192385915155512
9039210670590766862
7145451318333435988
5245543126846332194
2096949493124215266
2330502200414454661
7307964710974888405
3075166332782077940
6396042451116856684
8266969028556089106
3096206028491049463
2277673502171151507
8640464106643332716
5582171352130236343
8022901094077625354
2407382514203729185
7941213091951096985
5752425614088545873
1395751960573835680
117943314610408321
3088483772727927072
6776053740034874618
9100821472244389691
1651462098067387028
5906555551648626397
6200745619961863869
9030967526652151087
3824541761261538378
4755572164267093970
6182893123058238954
6921704921200803745
7607604319731166954
4314170503906442610
6310211524796303633
5452859048631692338
417799978729123288
4797132201580065186
2430615770525871339
7742999396288740536
3228884515824117137
8314123667148550024
3226788054269989156
8247062378325081957
8253725549139308146
4639067076825001449
526210348814248122
4526194577819171993
6066836491786580221
8111421739949417253
4965252194284782111
3389868305722360198
3072839088600670985
3158270757223110665
764028577412846825
5689434896345196504
224616227622376764
8031781877038175488
3787022327770676556
4238980381389105625
5531305128597626347
3857695888373161257
4171883354106913591
8911323614981478812
8618158137051819044
188607251329286890
5853586798387185639
4082909228550266554
5844762967101429583
2773253854513989072
8171805564140036615
99652409147806996
6581613229917430733
2634646345866239081
5222222635401135199
466677822513214990
5280249601705643377
5608094805975074842
5934096373892217853
5573098882802265788
3190575743059897408
3351355941589095753
253965066028137041
863102133902416627
4346484784793114791
6661174876050627256
2031382533019728966
2792499863157452702
2085060750004423145
1052167797345214061
1382923558440417560
8977221823855634333
7594653955837909530
6697093459776042101
8173776608247949617
3926231768764673127
724346802072443510
5757586248040990969
3132665257592350433
50315264798988801
9193619024223688849
9108363309420439598
2187763205641129974
5841192585641288284
4904162868823360724
2439408247993193064
8944746852845678795
6532655658506886002
690102074038569866
2966566735575623648
7781932900074543173
7478024390809318978
4752308968908841967
7213499356299086367
3333680773891518280
1060640383422963713
8394473589841641469
7360155605028556696
7421109994812594231
7204865059154832340
9082471023498196477
7217263593854609949
795406106272171052
7464104570051592628
7763005078785383707
7052572790085006513
4252017154299840292
5202617061386018064
7814173281089536975
6805092829614771288
1206887388978655185
3129700193430233378
6731912281929687512
6383345314136855935
5706789334087113705
2965869978710456304
1158499493874299065
7418549969242864857
6739087276280870925
3372098306524201318
5933249147852413494
5912007303018781525
4458355386090150633
8634922961410113797
9059551088035858842
4453735125775106632
8705154243843830481
5658248537579683321
6727881685759949599
7054504267476727777
1409334725145293705
8798005904979186063
3980883183686501450
9037078140635082307
4192426487256400652
5686822815384976126
1929655098658480640
7856305693634644025
1575417187119360117
8827829267696897820
5271873850458285946
7281372033934228150
6428172187295369156
2119329542129528171
7633628362885281904
8793088636957454087
7043883195886711856
2300452815988159307
5248624223233830199
7264854176163609168
4742774069244140027
8275936361175729670
3402624616323282281
1352470842786321491
5348916993354956658
5957364567946070838
3504392534151207804
3292334138279673063
3671602833037210749
360273121462159098
8227274649083078982
5866280468022312022
5397581980129080079
39934323035273919
1402527244359466193
5040077128302891717
2165464251656200335
2221161166425040133
797795862664390663
1760357119436735314
1328643350231390154
2713633462157337798
4829441553726741437
1406863158793860930
37464236733358835
4005205501245210244
4479770552153009964
8323111022637456110
3086201036361759407
1948155872985970346
1093241902236060095
5552287666856845965
7344067967422815674
2262003408044422567
4680180368869957918
9089506235427742429
6324954497953996146
3700941862264149054
6135027128547306954
4627747243193588362
5247732472048242019
8500121170636673388
901070825702853478
830225512911199830
5225894419166651632
8662552786376616465
5116602943963307493
8356279326892354757
906980752310060806
4579583022711596245
6579603050819922046
760490043694125112
5432727843935674067
3964334936234092940
8492909981978620547
3673938535643703482
3976512154200371305
7957107523292490326
6156572476326980071
1068707119269107305
4409552480924649145
7268686808390743859
2684145182189712204
3413512273208232978
1645520115686775664
80395690012900671
481325779401719678
4883889578374898606
7918465739694385448
9194769383005388809
6346149022429334085
6331073269106155572
5290954828220924740
694933122429187631
2257187336552571668
5965612786615143500
8028662241115639742
8636010199239876706
2651198644635386313
7177675689677410499
8107907034184761637
1692897719317423420
935170946813171222
37911650745346584
2981568303032733291
3887764780370630166
8478378370037714247
243262382978902763
8975596519005342017
2252602270159838924
1652683050315939464
8526883789112512292
6593603846790326296
6725660038538369112
2765019753861531753
5467855828202061774
3943080679290751001
4988031022301911860
6119533504870854840
3245291957262501761
1569726248164578801
2803325191725843709
478860923201159623
947788215032972600
5756884263958610920
8115069401992510197
281152804450004918
7035807875498297427
2750224502968121373
952149030919757870
7754462276118337567
6814622393701489862
7378292405593392364
6458696858799931753
5603526286788257115
1412434367840765366
3049676860206363778
7552064573533231554
3179751942927702809
4466189703725049079
1563570907471122690
5230709986068652693
6787895480875276693
7324181619297617432
1558944654006573541
8795062390508907053
4817418183889152238
2827056544300426478
1282370388968806446
3319992178797280697
9201003311723164907
6349335764620761517
4222415454578662804
5921714728934535381
6604354585890675520
2473284570600748290
8359839220319041203
3776654691827709468
2751254052933933371
1596090791605597174
2084171716294401623
1565435433790214043
6733250268209630631
6155263929845073392
3662427286373626502
7627795601184745995
8263727809209889794
2919915281129336663
9007138449644447996
8627513322573827843
5899579721551865029
1479240833816544021
8281547815736286296
3959768539837521952
8563539758758751935
3992060281955954088
7696903398157049260
7221673991839288569
1456364456734274092
8900827901737856639
5395785912558212843
7826642635513116706
7047603621838098330
668494413144249231
844499051097174862
6533516417005192455
4046601789734748086
5631410833464804078
6176408400523239077
277196093579537206
8745021356030176660
3987385890206079259
2856166455404711478
1502718354670583858
7869622103188381324
4518736994041855084
1492240967099043644
5059746605294636141
498092646619245733
8357143196645181238
5454539377494206782
4132415866317789353
966789879913840849
1585979902112843922
6408002532646200713
8823734647899840586
2684479140071327679
1682760166633430740
7526374783354974454
5691129969869285459
4909872451477713527
4074556637718380540
7520829352758066987
5279421454366926318
3028966849892043571
2425844217625767564
291555077754222073
5141733147166896270
6408028514828839074
2101020084612976833
3030087702595288640
4238308623116123134
7729102108294080339
6147737886549892275
1476888737836465309
4599362301381586509
8495104430886776796
871876232795043415
9208074232025895234
8964497511240170423
3288336079577233294
7407833100715849067
185013505897769527
8447576792204518600
3174108332963149804
2089663807012712677
8230165906910509048
4665919000571917232
8631763774044644381
2203702888154898263
7979959745446452888
8280595357238313493
8170646601009570864
5023305006965183841
7630858604067768414
5350320575721574191
283403651348899906
7293847369352274328
3657223558621340643
5057210225629113590
6507592350212630320
133399385504713111
357753450131675920
5677216966920740969
7230157033774624260
183814606593913701
6646025461103336831
6918467201623691685
7770475295303865924
2314598640737630155
7241213308822732448
8876127652416164750
2666798652693573160
727560796600125849
3253781558962195060
915430234741228414
7359200926418807218
6746030701331241006
5837874950766255572
7538840151425444945
7956874609069824493
1393471535680372677
330549462226835253
5217761287075553413
7997345702288694802
1549199747747838588
4550295998299041249
7240080080530191462
4181860758764818869
4788626024473425141
5269287908245095830
5847798100573289096
6574930599778590275
1916557319504019629
4210088920276185595
1977993668882809560
5997186606762738845
6383936468712840345
699530830985288689
5194374377861458232
7201936250999745868
458834919900859758
3611542286798361761
3177787679657571282
955634243552266530
5614734741700356863
3879276682055837523
1371839202627820650
1339503821693161546
847149504847747701
842386606234845327
4591221049581824148
1315520970048527515
2287293269992634824
1044168284184459632
4191229762451225969
9113406729378011413
7702733610775951656
2364479737437599787
8790808089164179544
6227927977313337344
2524552353932287143
912545710043929293
4312389968843663874
9160280656200603849
6246031906158545847
2857892840714748180
1345901621476608185
8846756481747314064
1247497367112629587
8812555985396393678
1175048212843436930
6971137911985883434
1897182679007788766
7752646478449170989
5586560838383578388
5152794332161207115
6360570331414732561
7006058584313737578
4526000887077324151
7999216818954635691
2708341805457214920
6141473916365267339
7197350652788841919
1487770334290899022
4376994378541093377
4074615366695017220
1339134709367272990
8402501362696403121
9184432204230126933
2727322119525974549
3749082426387175340
6655108121694849267
6063700359322450989
7623369262608012741
5366246141717223440
9157496572059294677
7080809119880542471
8040060337196197326
9011788301623800788
4579144570601608031
8420558411307855904
8843715835052362244
8815409532349561559
5607435773858873451
7446136286328313531
4100503401504874930
1833581990034219558
1270482999478388209
1725472248076342895
8051686191118179153
3699897009411953448
3306130335548078330
6125186657674348235
6254983322078804832
7805223710468666205
3178478572651320243
2818520047449392241
598593037659069503
1127311345930718069
8003647123008764053
7549557022966085880
4721218347778375326
7655523839338673205
9179447922513382955
6967738826410440227
5229060992273339919
3797102057244607174
2606166882025538825
5905729366861431028
6842196239227449719
5844748875447748596
7785515328358431087
7944570178979304721
8978216527757159564
3122083829431071410
5760250911998219460
6261457975087758106
150228940111653652
5886939859343028537
4234590434179069083
7706650958315194722
8013171864215602398
6643997385069318942
8271346798406231808
2923328479676494272
8018301552453419371
4653769573152536796
5477878881329240187
445865366670592409
1935913164913689556
7404483154989845115
8577981908253771078
2735194433893878483
2041756304081330732
6833564061898769540
7163415141282161315
5622065943854299934
1885358156331527498
4931745076049857332
6360590783261287922
5168729450921729466
2815458903564271196
3689321020998046850
4779980076817852874
1410225095328951742
5218357519843444818
966320135227662929
9107805376609539890
267939960187864312
64003104950392766
9001506508020898201
8691685526695758683
1452500335359730686
5579804216976591785
7839807868999229377
4185697841966111242
7928275860236868903
5765863975995176504
5584924713813500009
3000625262760634154
1226449931700975609
3750315004434085970
339301187476708100
8285806619237413580
1840554935239711069
1345108707289300702
8001389532025128468
4625821550084084764
7451993527943127471
8836900518241641374
3265305040759473710
1215048811313274344
7884995172273823963
8049817585572947163
6589073830689133312
1860623283431515339
8991922946998143536
1981234932939113683
4042789725016573559
4446695290116112554
214883517317021303
1063057144380453968
4978616983632089178
6365984817954078029
3734196474773377522
206776659039284584
480946373612769276
6333683541003472983
8050673933999599569
2090022202315216061
2530636067096856606
2208124188583720095
7161149302423108383
3017175287417691634
7965067036238021641
333827844214083472
8486522431730442667
6956868203425567055
6388658749939330181
5114717425403050362
7088752025466635174
7485437761874470413
8801812437211530651
4030073867104380064
4774668843502885579
143224228470070973
5808362043582061894
1898427692530135346
5267342888280275689
5242225652668696546
2284357519876423569
2893589905401728251
7071843407883815051
5102682754756749995
3224821772501491647
3185097369758451630
1318233521280223011
3735730243007795658
3309671205446198261
5184665982286458305
4398808805894729357
1303045801739999141
7043298892001941028
1701961628939475705
8564809039424504459
5679421735737732481
6956073270944495646
2375316937551842578
1055857736113637031
2606779026986206253
5797267496086162840
5998703652216682518
725622477247010594
3305324136957410114
8066640529062548519
7768092563204950550
9137348976856489524
8355753028376772076
5875820997982069070
2279757471164044272
4634471981641802570
4569515441651443546
7022233697302794092
6894618652298232323
6159477247771095848
816222457999653564
6182070885120812504
2694699158695595679
7320796593503117371
4808446790784032574
6005544222379092501
4159870950060238674
5367419746767083544
2571964072019837743
8690402465575531193
2804316920115442909
47411552422016778
1832591084493498156
3130792016117988229
5219850920778494349
1495022931710820648
1262318696568194586
982227796261353196
4290386637049512766
24810792686998304
4601917490581345389
4668244745365641541
8844319888250878677
999152553594959088
7836969379538616676
3250422648846324139
8409210130529514062
3954062602132084252
8300179805708223953
2500964342236461126
1829523634100941226
6069317851840422424
7476683273873429192
940302127310401226
6351389927541171399
1501493915956984828
3935708824704536950
3144112076512116725
5960274626265222433
4019227755177029195
3365039815136732799
7557742625272590248
8837825765311659311
1531046038840796289
2252965911960258587
7326766270491893676
8736507811500444534
6254564107024875631
7821806698839606396
3901501386169265412
2206045049490835936
2018185167794307833
8041383230971513139
8518546347013774631
8153571916025626385
4368606839922101978
7445823623412655057
1066742695965976786
1706256130274965950
8831493164412825621
7597031442952775937
6484040784485951600
5343747908721138566
7223007035506805749
2001338846845446075
7853380639371273525
957164184114510396
2335147251174888469
6428294656264518255
6886758968671068310
7181709265381584778
8774401391358970665
8802701879810744043
6197772571158778387
3172820969821029083
6706453077345598729
7509240137965810994
2596916950399552548
4013268724658405834
6291244227070720310
8375622787859622575
8530316633471986358
4156706308836139605
4138546771837289233
998814366995360414
2659830894631363553
818609900863403304
8137034406884650482
51860955802034994
2945747690230196427
810893775557966812
1522636638506667295
317583919512857842
4470909653571065384
5854333940519489239
6966798123173112137
4270012114862152892
8466731099926815519
4146050191943480961
3994227731537822743
422405716733967208
7342983515829597339
3972560785563157507
3874518500079920635
3548617828690513983
3893954762407262701
1401571413993965483
7993310061879865997
421310167661079934
4198883750270549373
2160076952136915539
3443310519120458097
3995481709757791882
4735594467731996027
7388198249550810494
3820948766610140880
2584374584340647772
8098975472292002643
6109097578820088925
1082296233706836285
4529278395882530821
5386792304127184042
1487841218903428951
308328450842497133
4795582952985299049
8272292011711687445
8415788906537136211
6878989964540448533
5685054449970513979
379577271030698215
3130740497967851614
1329838078997626194
4627475381769640717
512459782814427129
4343548336246358546
2085313759309831761
972231652510841881
2555100917235461728
7111221132241217980
3499075196238479108
6219215257287175887
6271204303095097877
3041788157363923845
9061541784182705649
4812086694950109939
5679011203491038349
2775321795939445461
8006640615704590584
3824002491419288410
8303954800430396681
7189008666133552288
160196130624661011
8752556568354072025
2660668271137057543
6078479337956338613
6355450711064447498
7333070188059388027
602807662970334244
4172832111017148832
1672740434947450440
5451204618877215141
5542764190928015097
2660144831881329404
5299396867704946166
8443019375621152595
361516263776585449
1017008545083821839
1609535765001566014
5024743057432111407
3280709835361465380
5822356868799796169
2560765463232933539
4724973432501316722
8179850963805474647
3355727845865272182
7844011718838534909
1494120327750336037
8139353872253274601
6726841897031560780
1121641213108955601
4473900075282282682
6673302001541152751
2490051791191206975
490224018786261889
944346051693776705
7018614859103919159
3249880603779010724
7521973058627025425
3726014712974084338
6590450721653109019
1143269944069300420
8668117870054000474
6112043432638259296
5302140588120433561
5700641958863249898
5484874255522086855
7434667005482622897
1018146226814395328
8463778019086444742
5492240117195963362
1824486627698128181
4774487131159239307
4022285293128026824
9034732382194859398
7012558765433202113
5075573034244818276
5970806171123441406
7143581999945393971
4455582687001719702
726362695739207916
589207447635704152
2654007008018317162
8271610221977401407
4568377622439278068
7535733953537675973
5787423406806910832
3876358699070645979
8287309816415015786
4576478679586926886
6990932291812175597
3092864339483639325
8492312755674620874
4701182390776510992
1645587467199715212
4320255822647264502
7154915522325147802
186080162486688852
4764776498132047819
6878702375369889237
2320553574257239871
40610581834494773
8379383105876076694
7985909905808228539
9051060197541175638
5402117505388776779
5225014657020346216
1220816445246806261
5808369821123633030
9090111861485509897
7298735022214266488
3138094561797710463
7499543713907932494
6035218635270645821
4317258614173336734
120731925127661509
4412853177662450874
3000954987864805896
6139478696198118894
294090495697464362
9006711334815289196
2697427561014562827
1610256878715841694
2237183476900451181
4426192402012126541
7735449385252974367
8872179877983390162
8782467498738367937
5710960800757535401
92747985760717492
1072288082879573670
2494573845838284787
4332134936679270096
7068161895824539758
8152862541039425133
4717824585508807452
8062146315784935577
4409337778792381364
8858265476572196451
4365863955588598970
6599055718189963896
3083158014974911199
483217489078427023
6928381914442980664
6473845323573167810
7247242334825584054
2935732030501492755
3990896550666308313
4882880555477960200
8458695408678600357
1120064440460571023
6723668068464610841
7093502883252111060
2573759555321167921
7434990992589218797
4136221687686169066
842930767108468077
1000761596655149688
1932806395132251863
5512228561478483987
3685852773705619746
2594090757916601094
5938683929001645271
4134175980893561248
8318929878731717216
6562840017614153006
5261265559687979558
6256232437352891281
2581607348629278210
557036601066003164
8738915738868699954
8857652384017243398
869758032728092600
4107023152737365038
8280061775451702048
6162448538734450169
7407597307357719424
7204242699688707170
3710594977952925967
2668315941888355864
7810942181983595327
3900883537614120599
2956006202027417587
3783424955685507577
4445632220852326791
7789190574102618224
4088117629500298987
3488280848774317281
485487383120751811
743420183997648674
3642704372134070654
8085529101571007427
6553123610450431691
1602361026622948137
8920249661164288291
1251783924302151664
6316678826986185247
6199355044352729559
1480950963650367967
3187183528419494102
1664758032291209145
4598955649980279579
720227720486604999
8214736428281787280
153663898035375865
6557009076834407851
