7838285046767229711
4609398715869550725
8846021431831251875
6793286343174833903
1090367195407758020
1749985935065629894
5626443572607591130
5051039799137810159
1728537991882661367
9132883203614799821
8090723075517821806
7024713306861377790
1181604128184835906
5336881412073696640
2278265444165450166
3122572229396716108
6986537875200332659
3923097827220090068
984471850829496336
8066339406794417387
7178925137462845568
7066302540842412840
4143881979322010891
4232410454546145299
1973573157110704730
739382823914881928
1842327023449366624
4475274987980152756
7335554592427465481
6957407587610658997
1779279822658813774
5552377457558190894
438842006900612137
8013117779844982086
7428116787835893120
3884267719846612071
3765442984647241130
882430521975359533
5919667442750491519
5368019250815240955
3571008079426038455
5202155569089928815
3321064285232298680
3953456177407100048
9222396336956121633
2358434480250555035
8566844735754641639
1902568530584691432
4039245293704127696
20994512933250522
2351872337432696380
3801992748557162347
7882539831636422522
1212158767298395095
2463540639205920840
4850761813279966201
7648043289231166055
6993208032874943292
8847301563836025453
6597576831450166037
1490558258160573536
422698708460168274
8814329128948649668
4891744397727629420
6239726178454339317
3463449786285346160
3838104112892383992
8741008922153878163
4590376782031141597
5579422603092131304
4336105919822626602
1114275315610038623
6450293905041528773
2254024876890522469
5096509799201945977
7393038778026345793
5323902068201809641
8188723660812005813
2105386503517368227
358446011988417563
665010924190078800
1344183726097386636
3160372918745112985
946507344032419828
7586085841118196998
3909895556819581367
6470484302076280678
698665034249677336
4582210293842294138
1869485793196349073
7166307405309656478
7264941481735304126
6106548370908425081
8174124882016041930
218311401413093427
448955875785543916
1379055764676355712
8687503461234582113
2759943738356103127
2431711823271328279
4374223567065028003
6553461951829665552
8814062882976912522
7406274767598309783
6196945588477226093
4718249437725609006
6400031259989360861
9063860920893922417
725934228067748330
4206814617628879582
220872348806183811
6567458898894016860
4219436286513843074
5005239137593909554
7298740016315313553
4115787681853693828
5556562605571315222
8954224956295124578
2465113284283306013
6354695022400614714
6055477064474535683
2111759778450727602
6297650902281144933
6817496257793113234
1775713309097779108
3697251094784296011
4451693271727378702
3135226624455474310
1951502841256802599
60741632119970923
6505903738573484800
1684548025059988787
3208082892039181316
3682532978884444566
9192056858610007539
2531599738408677057
8123650696671559452
563589641225818182
9048578569697348316
4670521161092035453
5947090032008410049
5880747127083996556
687012404214518829
6398277257591704476
200967775838540985
1773262866821344846
7120453024684075967
3415309726288421901
2348486371677245014
6427739545252078092
4191021222338422219
8474415097004487062
5042901860718111624
2574974292101837260
2042471703919906682
5083244629213976010
6675938127586965866
1888407439936230659
8874015862900863854
1823318408189497799
8828794970578684687
9045802571693054724
5785896425669741412
2220006899086146334
3012991594487159162
1930476509697288709
8425354587306482626
6271547673856628334
1756352587007946262
2863282648825813022
7844054043114368242
4940354258314727183
7575416477847156077
1400802473263903217
6985631078719150515
6211825719228669790
5977853520638797909
1808754323763465396
2947128446560472970
3307152096707420076
7438555350832640902
638968523781107892
2652513713382709444
7033103669388689415
481929538763801947
2707400123518269628
3871779235990929422
3869579029282977352
5518772674611648689
4196025024202409809
3629853474657979785
8673182483861017846
8053446938001992726
8036402958319042519
724441273297713112
711562334545094769
5818352635473521241
9057103201734987852
6091566951467404346
2594364129477477448
804265198804498227
1027115673933417741
2381362365027511622
8388927293665540960
1038234193435906128
6589860637188733450
203481156419468130
926783059371403813
833512165733914522
2755863038265768327
2441922225904422164
3242156175994052466
3698170732083867512
809753210184917366
7840464638496668374
3061177355314378688
2628145687067757096
3636708113743622050
4743497372016165800
2257310737612258724
605266119463963358
6996686543595998971
1755998806473263895
5283416052581529076
6874110308416919683
3243586205308360727
996033269132405565
3534288168691996738
6929329252775790233
2771907711553889026
3101174666276603352
2298063637331138207
3964681055287963176
4940851772115583463
5502112173726415383
179179621872807992
1514563352737065552
3038335432165795970
2537998021751902829
7509767623633099001
564849315936326712
1286565666424348139
1744254126274846056
4273091906077311580
6788125321388365311
6158409960810522193
976974472162148235
3091051069673751841
1850538188661123614
7321109352443347679
63507203778758599
1337152859365029372
2722406319955659573
6038858882031341578
4803064978575127665
6175674069815388486
1455024419744607620
5767033397160710304
1167265741771687498
8478750308630963776
7281052652783023198
5523414629658547717
4394666530667127942
6794728708842305615
984685729638644361
4265063687261092649
4010640170198809282
8502220698156958321
1650923515386688213
5912370905143468216
3442616245881470478
7573906240384413390
5922378988941465847
1838765421791995034
8123837192625258627
616084644102498110
5574656911326262988
6567565235937418573
6670703804191623767
6648616108996354950
2936195619579566231
486623327963026306
5940751938089343302
5149266728337527120
365936327983005299
6766746525511330379
7555982602743463853
7361742697111557809
4531750498614425376
4412250252727631793
6489458250146614394
2000276858158923743
3431568242621627524
8676922539247578696
5500155895310997253
2069809633416001464
3364191498759668060
746082350056278088
5978202475897043767
7286462071030783333
8646333329202038507
6019171604751503963
2782127603836674145
371292887818079030
3728965643809229448
2761838849619209140
2146261404694333082
400411644248674675
3191951255913130258
3151686686631250495
5469586319569925461
5404648197072083699
6466936677476838092
4114149983554770719
1114535828407357872
6498185922435674886
5135431245710789604
3001778221288817398
4523623650186579300
3851908950217669423
5787989015305906570
1112544262283218465
2513298335525123490
3980888957071919083
2553900311107634961
3548513926157825147
4867511753825191745
6415094241337903921
542348887826160597
1000444789089599096
1831015822406902896
3406273621399342427
7875739727730798464
660793036082829259
3883988593196024868
7922379460491348018
1576698996900640087
1837428325529040314
2696641545805972685
-1
5850120272245820402
4557538027824066252
1173203212066138107
5605079194424112750
6103095594140195908
6394296499122567431
4154247637194741537
5465286616288171551
3590481504050109449
352415058359884193
273832060438486799
2508308420192321298
1421912341964323887
2433930383161011724
4709526189125896769
3319198235217144
5996230108360542579
8151325051184833283
778675952376446630
2929365212613077745
8533894070177988481
9143916258066354406
677232347053913813
1990644695499718451
4229608078998747924
5738287572601304102
3866015610961377875
3195948879305416881
3356846468300639890
4254697797188372744
2265509553839643946
5158389357141325798
771414079056604419
1613285784030753266
1637297499577826630
8775710902337335536
889207947845988076
6502339892010530278
7148603979897218260
2697819309179941967
4509846253266151979
7565624769050790558
1004681906285846271
8406448923790705945
6044700052858422882
6852176331253878692
7949028285161511917
7540331145567923298
4379378221206844351
3351806778234144687
7916413085659492016
1318533987629362645
2410734372345415538
427220250760355800
7627096374935812062
2008980650249617160
3054677884420450676
5038652846754263461
7201788269226240533
1796483042392074733
9128349072395737126
7680578413308840439
9123723691436546506
2254796612638806586
5243628106987627141
213005540714076483
6129827541639883296
1548665255535986551
7490623262993593270
2550316794429952821
6836459012764695363
4540020320490120946
9078720786395237075
2645412118993949063
2859693450086214027
1779075936108115249
4673428631251021691
6065427184964763367
8124665453095084026
223136115558074817
9157288739979218785
6893169957645957922
6648633844118908932
1870467097935197685
397056936032290202
5556555175546834386
380049347672507468
2768135360437758991
2274153312279423185
1415167838887566918
7640680906771150699
998102887259065265
4381004228840920636
6681207890738293042
2010928140773973217
3152124822006522096
1781292436504317732
3869929852552150668
6839893670042272222
2757663300857664810
5286396778040748115
3543781821822678352
6796828987749543727
8404083402148481490
3528918429809474042
6923156017018087133
3649423509153586606
5033135281511775555
1229702094195305603
4026091180853932287
8842424507985531514
8959660305950456313
4252599153268226966
1705933608809177762
7406439742033668412
551566764321008282
1193125759244385452
8741265992602272130
5239369884463434799
3837589844825527706
7045055403132969390
4954201202118669540
7939252259952199674
7683384751904865298
3790191144605738777
5020105802091969429
7973972940961913775
2925965718661632091
1903769162135496722
6456159658728817695
6139316236836834265
8755292343474005260
2357806237077749053
4783587646276080049
3251949452847086247
9147738454065357208
2810875094251718506
7474330809484045621
3558483762596688694
341142823274987508
9051492451124193427
1313573719966585812
4991221590157846321
7288938629572138889
8623002969617815977
5975256123832291187
1554811712503440345
6825793235988651402
3585498951645506891
3855092522915419298
6673408555601559736
6553441911153962469
8310609284493173349
892719047606378640
1866202213345328066
505329979017873922
6140241067457104013
4072327419397971001
5677999588109151407
8524284093695408656
7870189006815713618
4563950219592438249
165460267080539536
2727312978101389280
1054031417880363592
5845027111738511764
4678800067736596148
1249145794364078894
1333239736864783625
6618987826177282430
8944466927480971196
727467278665777929
7714948641312932189
405750047292649853
4377818215262745990
7323666521619663840
9184481742656729674
6406045410816976259
7026745799208201535
8141148183717989653
6484835263364658312
2739238031365388082
1772021678634391264
1210854924368679651
4554347264431131123
4919731663003495617
6966092348979214320
8414898936808023041
8930461063201469343
1885778242503695506
4530954014471170026
5609686233480469348
9019844752520405782
1915033892338275509
5118632655171423078
8814831347171386122
652034125860267200
2149360385271332316
1984913534558677312
495375410304184867
10179799365659567
8168739615500231062
3196245114618206915
6515812671706870959
5901154218567881770
9154775487190522588
317557602766402608
8339858398560437737
2603057874200418743
8851809798500927530
7677938250226894640
3625509808628186870
7291229474943755186
8683313348896990781
4462423528736453895
4186220742213200369
6099353480714499209
4307883634988417668
570357201760646674
8579121841917434183
5693874274610286272
8452404520008626559
7571417354773439969
3793339838459985631
1986792830859993186
2117275670951889165
132473676516508137
8500064793904930533
1796595154758719335
1394616975468423915
3435873077482237132
5102802942853208747
8899643867869961594
4658943939275628029
8752866428613753998
8597903841044534092
1691831228063045807
6900561962766323826
3718718487310364
3729143058357482979
3596585875183751761
1255927636777535249
9135480045424404456
6244876989019773189
8654603462761550950
2743124383630272672
2126020183913650810
6128445359079192627
4707543500057265834
4380464468864872905
2547694809324213975
1593849811729963439
8118641040358515559
8166546118325934810
6589604449736579664
2219703714494474381
6673685410215457408
3078067823025069599
4881062712069548984
3875844988490688638
1288231174162106915
1312923239135398435
2863052559461831010
688811538849530457
9086465813468248884
3747974987351812395
362959268766331166
9153223652061547337
7141952501044346819
4363325595212438195
9040643699828255193
5786072755135507496
3174346974724254356
426372138013320344
4885462517203681649
1457720539306713264
4819433152509752607
3368913385286421353
6978979468671647206
3510414291092716256
5209415578245574874
404176022999484537
2217640936446924096
1141543452119332776
4741861820839931845
1978024841092199569
5530397318573228559
4687587199847485643
4985270751259899846
7875502734879644672
8324857885829459863
6568293745501795510
7428999784253482626
3444301938944589255
6366853359941823267
7905730874000758834
696005017895616363
5283877193800967290
5779159889844375309
7271629160665944919
2123795719626880294
4457707585201641524
529552190693473521
3038350209857473999
6599414443549995665
3593262109459159060
8911905276962875869
7035323683233987316
8206658627848376344
521966592675104810
5627542295180809399
738414328907721651
7390590854874385698
60085468723317312
5040527325998478605
6597536062200899569
8951742640740629025
5089214853923854215
6120944324463701607
7079816767019452524
7192916620947569030
5528888664693325402
5214219454283803638
7740933153469783692
2160034942557246634
5525331779995869166
4069665542450430925
5273770475311552436
1016746279629642518
7056412441652112780
2025902881512697284
3726110507877041270
3829961195442541575
1210978069793927634
3123660075448381663
6470610933114120051
2839983749362415161
3209178403627396829
3350131837963868243
4009389188186334207
7613596191614152249
2603815409272347112
9283961194704687
5425679610157986496
2573541339134905805
6653462042977345040
2314287946667098058
6771422510390856329
6412561157345892319
1414459245641335422
7308483112157031279
3702910268840391700
5871382375852773559
9179627165232605980
301447510486111391
3133308618708549225
3746511571215192573
908059756086957950
8518297478229611474
2832713771284768522
3458190940665673944
5716822552807094156
500530628491009088
2027307704589048019
6125628036178067061
2258579918686057
7536496778548117280
7421074257860006345
7861496245147301217
1030169074981583596
4169518730188584032
2547624111723105552
9124813535392707761
8047980945897329999
4945318058846962079
431731729858637519
4181520749093229088
2132546534656164707
1125141901120686848
7835157542581316875
4368928993610785847
4581933989010042426
2260714063050657809
3936049651819311412
395571785648738289
3021710929980977134
3712083873154941280
5023320328521010122
6034464436981410913
2585914429781316323
5222380270641175693
7684517363594000252
38444166278535506
739435753649576466
2624565531843224334
7902859510105346280
6071311834091097982
1311369164701863659
5083835593273328430
8856657787990859745
2566895554695613658
8513744711471588405
6731348784895330033
6708991350324065529
7467103590812792103
611058257910356867
8590384908945181055
8369815753753928732
2753949486266415812
1975590437749032870
1967907421771441567
6992555703061339802
8664488959391287997
5177140133080909543
591887089823269458
6446348278915429806
2137350589897801842
6411905278792367408
714851346518742392
3664273673094858953
7974282730305106005
7602103404097863475
8480524452834846814
3083918447793697333
3864064224702626157
7752848774224104675
8344033031079810611
2749708500067812863
3208592546374319659
4362637118247541553
1236710236836990947
9155670768093893260
3216523634031991185
354438096509891533
261758669821472794
2200420268956687837
7726847552030493536
4465578591124297082
1440552328957943513
8337869872962160586
3463851178438903614
4083991695698405
4700450557628150109
4686493462551776102
8284706075438567710
1080366415077953504
372817331750619088
829759450618546025
261648210649008565
4177661249275026832
72082210741361909
3767552658150262082
2216647008614259178
5151823654458602687
4204931641019717232
4142193175809505979
6126286459294375386
5531093196944751185
1392106714438449970
6131539685565562549
2857599485726057596
8015634094010435394
5885007277386471408
786530598471254858
8191521775912951787
5752326235539209689
4663998499209351745
5071390536920003983
3347707124891791591
7501103746340693435
2604145286916579853
7338469317302655653
4042812059198670237
8849737705097277035
1475260698192271737
2037800448699820460
642845927100041829
2136526403767891331
9014986396824787250
7672272295391266566
4230331724378164809
8703922401364287693
2479301133483350869
3572662223168173906
5813005471316388095
5399682807292839205
7499665218045556262
8486979691234904424
444719325325207441
4956761788090448104
2946210972630762947
472723519693173795
1705672709803620950
2319438292147186178
6422862348064888321
3373514909365301036
6109614906407998996
8442939536703967299
4142458516893052338
8483406475893875806
2664678894664403724
6130510123928518346
7414491475368317358
2522329521284740522
4793838597393424044
8762349521677683987
1996009312933512130
3897222661772848809
417338504311018577
8508591966161109911
4517419720943201557
1159945012974054818
6127603488894757004
6087998089983087410
3716971171560913668
553306172069848917
3633702034521506136
1571104728615099625
1105822776491461163
3356881517069190955
6110156123079356362
7072079735326268846
7002998033267268097
3881108956165911308
5520678735822176314
6206294559202424512
4180903664727847978
4152523181972026474
6659691070816351370
7521773145063266060
2835697047256819313
1704428213202701147
7929254543474411769
527856922398671322
3548856535577129826
8891627913916188275
4002181421497764525
7761348079347278668
34279629232910055
1548998359542295756
8126195666233054089
2086690181542776171
2031834275485802235
2110056403224894319
5357779548318177765
4844466854422715550
7946855602618857496
50094641739829925
8139258963511384964
5884330880245004209
4295103234364954427
8412290944490870152
2737900891097299093
222046295950858523
8206991112308084145
7709558880934061897
1893624263541636529
8192555514275337591
4140358481528004392
1824642178047395335
6258117710551575727
5935132286201038378
5146543695998604138
3654054475887989376
3386054247163653159
3569451864863978146
3287020725474260565
6201590298542530960
1784509871892127815
1547587459414826384
1437042379360969163
2722665432729876049
7875490179334981130
1143156120798480098
7694576845810866822
3550131161226884998
7006245966640081609
3277727854670480056
588975883845615323
316451135977126316
3929412390923294388
4204164627642802318
4698157270110994847
4743096035342065469
251392224411392186
8678725269286556188
3963970437795386079
453665545589652997
142762304458833439
9009312204494401876
5541520317516295665
3678899151864503525
2536069499941586425
1845492120332638685
9079215464678794536
4264851281557423267
2236605390704651772
2983061888166857164
5303494709169938727
1852312812381917320
5459701171461637611
2667264495050944988
3777179810859473512
5452425654583771100
2651321887802976176
2366422142128573346
5248215333308682984
8074049719656098490
3491479151344753326
1467982943462037323
6380413035808721349
8050773559480300466
1902942837050666636
2463768765227257817
2239545136426442802
4786485397032589117
8368668207595681747
3520504577995613620
8573959705608376440
1009261432904589151
7269218339036157133
8710368052731575715
5088738669968904940
5035881045010134764
4647941230332262404
4288288303638928549
8864227926262666074
9055042385424132078
6521071023790094756
6064935554100225812
9209662116421982783
4358670909638724076
4737480631678563504
4211925131341535677
6971217235177200580
2918103106410463686
7054249283532830920
8491425921877876551
1216233618575066737
2938732577685183004
5547355503320133516
2596664782851361866
3203855710488933512
5449066000831555549
811445861171384679
7397906319319163673
6332422790215817561
253143647144366194
4070171673033902118
4224980503944775296
6948887284135388271
3242938704027098025
1042036239473461289
7982176309564636020
8914712899871843674
3241751898796991084
4766928633886982234
1583584882182591987
6785913687579677534
6115690827629244026
2946158983058054224
4297233304677269536
5461216608505120556
814400033388665420
1551083363013517831
307077377153906957
7758804396377297695
3444937902016492719
3618860281344505036
7964043325880911126
2711192547552293669
2575143646729328174
206377330343563115
7136631019944303403
1547983184598012595
7198383180530775306
1498953098295181898
6900457092875704846
4032494113504849235
4222637541286683866
2924974844757088429
5484594815599431308
9101592800176059445
8057765640260044017
6194572118417479583
3801133987812650624
3646462354660684820
4551016440267378171
647859000499576638
3149023490386272470
5868068403360535539
3432292709074357949
6323982552938853610
7606241255686565196
4327191723835496161
9220684402716277904
1817055593347882380
8540426671209767910
7932822834101350815
7741357187430904647
5187616539571182257
9160637652882860537
1624622265405899959
3602356546680631746
6700582816364994556
1905875781424631985
1108127165759079337
1059148254012244795
3508399040625061660
7606684487030084883
8593288273048507096
2638621458875440480
5378734546976792159
5485797064198398311
8972979563043025115
8318167257676849630
4808622228241802856
2434214250070487224
2033851976047231293
8357072520238276577
4639930104100113975
3924347667839339952
1946263497693506494
5817146804974902234
783017143848796153
4566870829955057060
4526682587970779776
1105007820322942900
4884024358698915638
6237731331096375478
954817835029199272
6176263710119564847
7158736841388680160
4553478234358480210
2481433006155470266
6870238053247018384
8697839933653415963
8657637659650158808
4837068652198833086
4511467030614093992
2306643158767110182
3784632554414137720
3778417549202805914
1279765306856479343
9154136634114006157
7662787104873343777
3991420353895055233
5444276088416545363
5773965590041556019
5165612627951753008
8730957122368220306
7011810755281948759
5504323891760461275
8824161837536837870
168539389200065406
4035460258495470809
3401656347762306469
7287199538018696835
916986112671320311
1800800748665617567
2799143982000941467
1917484893906136600
3852153073703225909
2825452344708949343
3767558749568724697
2227215036669828368
6644927604699198021
7613122523272645636
765338052023705343
2607252331102390046
1303229881636059273
2839155958592566501
8764630886379924403
628386333312567968
4242082147647330045
5452870422661865159
8024217370309366235
8010349667144767433
9089324155274812597
4995919587094656727
4549634190504273658
2377959441382357698
1351407110648227510
7406772898165221185
4307855090470552164
5454364673608593462
798132585569739859
2888213459675453400
5230251154114031186
3970219485345793880
4899028418840784516
5299287639108681377
4615855338815249131
5195421235099407385
4002232996098808374
3513304268972545546
1884030881593521133
8162786446495278915
5659822274410430371
7407382340141490856
4475940021903617031
2471679938506144141
9001798555190783082
699744541828275354
9106548870107910138
771058568661781845
5940187538911029054
5655564989141559984
1009525208450154098
7516863751860460436
1425727509380670223
1186109324822538632
1002012988005268169
5955850956320583280
5404977987074526059
4726307466901961608
8428835448003050009
6578180968880120843
6855038495588938586
9135746034926852914
6987219095743217592
2035990892308861186
6134281726795519070
4146032983673497672
1920920913713267670
6750943287415063989
6300540115852457028
9074595412751329278
2927777221730923682
4140294213171820434
3948919496265038194
8884679371376565981
6072280122358984890
2569619155837169064
4525916300936361433
6602144827250813059
7811505659782367194
9197386968174653176
8339590991493072780
7004655080434388258
513975402228645546
4354344310117810248
8179015602173513647
3912714044457959771
8787662325928917957
3799957090145731704
1423500908878311210
6591209411836961953
8381537045945885851
4279627876730571066
1212735052059221856
3105478863941995889
8805017917559317929
9064846627826095282
1740840434806217811
5619508512744616234
5350076209514218342
6028595068605474063
2443767651816475738
6883047161920959761
8122024675575267139
173290985872487153
7406793209850071917
8504794062364770451
1917098003500226977
5673655075745107196
1089914573957921948
5677794526781712497
239861293453485799
1198108726839695244
8254666549368787884
5914803893321961864
1231714214500550758
1180626999024325576
8268695375316604249
2831387796616692830
8825768371783432590
5078003785193365045
5226293625526964993
2165336238867584847
2284060312728715872
958138188742349128
5257935201552295179
7511131311098768240
6806478448328688288
7765833667142236941
1847530585550258859
2942977840574496576
6926945988576364267
1464941111028435199
4529177990217843663
5769274280419401066
5714395300114861736
3486738171567942418
1040679242237416938
6742399872937273850
4283627426030416929
6167004151718575247
7283485042454644545
1575395828963206421
5991033280852739592
1587691928519283665
4366460680997508834
449823962934909098
1235602862930288098
7961402582678059742
2015062982463089224
1131394502159255175
1125727884317940739
7858506602759255680
7284754520375943250
2680943928413655757
7340981884217879178
4708942260585112245
9069997878008826325
7563204753805084745
257190416387136534
850758940501120569
1936052437378472563
2744248483342326940
4142038120268651903
3624481338740306892
909598368788921730
927126256097426178
992098561591668057
3653211071477815071
5978716744028529482
3471225437305441021
4662140033263834507
7422433390935773998
5812794603727722170
6182114426243306344
8001207207495838167
1859164527514573160
1040830087698324062
4228814689533416217
8736381886757040571
1937143533844886840
1414006188359925783
2601557409345708624
2966181039819761879
5198734305465422770
6041797658677705166
8269150605279128612
4091555402720752815
7487376841223668662
6142330374412936658
6048610663970175954
1525200379272674288
6195920447889997558
8850963851936857810
5380334197599682831
3988949127024931068
2838740146205262716
6413541174515805434
4715347455979498161
7346225150762541073
5092355467403052188
3616204738618214310
1977452233336750190
3957003427127041275
8926944189221751482
6790912665090579747
5190693368639169191
3667633675764880373
2370561303120881603
6002807421041592965
1915878413445556672
5143510802099735301
3847695052892300788
8716627148760212840
5284461859814837854
4088992805817813410
2023279628451919888
2657094651613034721
4013064884300159884
7932787173769569369
8675795159345046330
8485192319682084757
5719274637828952704
420762574404657350
4304835510508899788
1722020863675167047
4705742911612768440
1636465398134661088
6130043800019376167
6755703734042169866
4486250411260006919
3495240476853857816
2338279405257328373
7117459725100315726
4541433047317946719
3521659981033599291
7065702280936658437
3829646498308478768
4647779079144371512
1784873305861888658
2944379528335004404
3846170198562892207
2101449266475505557
5591888517797178329
479090649693487423
8033297887432466850
5619312976898210453
7845937062821051181
6347478329844265214
5595402644584690504
7823410948630618060
5549339746919835341
4781761427849750184
1880358546513818427
4636503579414184621
3750900052146390873
5585985456004135686
4173338066445297908
1789778962424386208
4483513059869175135
1448583051819699755
8822519549622539215
3043655221050717440
4974067147535701706
7542038721425120946
1615602403770591625
886422104775108338
8187377499521399858
6299315947828980825
8798677531245993209
5418401674709601072
1294911041379604566
7331176328502375105
5182434003419803441
2237963406297552129
4789827936898588052
2674516600311780418
5280637160506675889
5339905837983709534
641528754554852836
8329144969197358181
3564701863891389957
8954352664254541225
8700577147675076977
6321978664712180915
3695113610352418601
8764049911495078171
6594931862889763070
8607475531440712537
5440639854905238148
492457478797967409
5271090580259518259
8955314352880371512
6346959468862651581
3816080871538180106
7521022057739325697
3120939933851231865
695761375024350164
8370055011577363518
5061989367878067210
9208708814891093062
2635405266419916380
3939900090813197482
7982675616378229318
4790423242530064922
6284036082363062723
5382164086956563906
2463094016896883731
3436232319358136278
6334700476638619222
572506104209254237
3062915713552499336
4115812000579028485
1360800755432699473
6197934965777053135
657047931805712549
6780776084700535600
8283301248109331111
1328812993927735048
4703782828231670043
5999742278050093303
1413191724361363452
1256786379112524860
4218655860652457902
6974405558361080603
1183000228983948549
1956776696426245546
1758879356108554031
3757110976536169534
2211483975971054310
7241427663466206009
8764476586861481001
5703461282894034865
3905911852491820812
2901300671825695498
1449471772662087142
4143607749872323955
8468263726974372580
7478428122689251418
4523247520276611520
1070387721799633227
6963971045309147196
8304804602902414498
7569127627909556283
4423360167288020883
1254113242060749945
4703344411992816445
3530516330553869104
5540052147673375462
2167261245183264115
4725491137259426452
8948500522195314904
1294471844438986765
4389899078237916973
4836515189063402724
6178576308047291937
3151545095982230168
7679788586808562408
4585356164041249424
1682274715162637452
576879866005618486
8365689992663024147
7448844044880143154
4825416193035223003
4998489059311835571
7776067973526469405
5891322612106974323
3593366272871971089
7565034691623825399
5868036826967881866
5723550375035672804
2391967490860260727
1349426400580613173
214823004492419937
6222601696801043374
2656022268775214758
2765854067231029050
89950627625980961
5650383807467745459
5886214289746133519
1820016980388869419
2840732825823024200
1232718597505665813
1789774488828814678
4286737662037230114
2725539665958105977
6940862854530726089
7483907218999440764
6576222375465602657
5975542673421994466
4984878053589799526
7558981144518764597
1969829272505692934
2458877485940799004
3708031649985621113
3500909272885700048
7667619393171350481
5928660384650541148
366870777410072044
6603966483940914595
2340443433577503406
6730216850628402902
3814599225702500830
5135700172535349253
4892244504873136656
4393317140266604791
773175439422107267
8402801315717312289
3388767797193485803
6859795293007000735
3806685562972567217
8758192103595372235
8457318464758319302
1369755222868145421
5567670111456963649
1694954135145032091
7546708293522686783
1683400697370314271
7282957705763170254
4429834311245187095
6217394283123223385
2146938411796025958
4508787873616231047
3852648456118423419
6999149997483154689
6447766541123854191
914675547403689947
7709666533097295261
7316694313458082102
790507071339894086
2829584416399489299
4304377300223400777
3713961429302770153
1416257592183191883
5279240950173491068
7565339841706586410
4444489351641325232
2528729650287824288
1614216859999298015
24686883552113049
4682438658087079264
6726491495987857631
6789334315956201519
7825808270268570037
1388415477577912882
8161348841110471383
1172587650831997145
6647736191099187475
2852010473883186982
3485508887224433604
1398960358150927535
4606084841513019635
4340624067190310818
5453902042769028565
7813851586665322841
2700045787236216678
664819131092059027
6896989586305179081
4661551220065171304
7252300515476419256
1070799114727248369
6915812771157161488
6916093666935590389
4423045183658384410
2528390555528708263
530856506287442050
576188630300964501
3491409284268814856
1572910534750123008
1259773010118109380
8581037273340809567
7522928365183486855
1949253440585558186
6860358307992497395
5966513271182286169
4441395755295233917
6468704951696293411
4132995816010332876
1659487115070030312
8312275464251574160
1291502036219803400
7918945771857154923
1030142961932479619
3182817987610294335
2094605210105623477
2766660913666618611
6931693227795712686
7553113888447945720
1437003326314326971
8815441377925311387
2264169156155479071
3249037199295944705
7755478334397897630
630095998772585794
6482126919983045937
651907538513979314
2441011883311287644
7790474589537066469
2074572844102946052
2071150702958512505
4438080197747594467
5336959422167139668
7176639755415135661
458315921466822859
7977197711283115877
1706974433851155084
9034335143600708046
6339311447604942164
4547007029667602817
2365516780470855940
5169180271890606927
7998843914805100850
5788412966924350047
8154869080916040553
8638657947378281494
6019576677441880425
4250495958149357450
1345446948125523826
3735195907200868148
2370116846508966484
3906090596004177811
2660065610372670301
7171859764720090696
7676082626559216906
9114228973189111732
1327691150366906090
4070462450828021967
4986132859866093176
3498960689963214703
7216680296778846456
5020933625139755692
3538928070464402681
8154494945729997488
4400644890851550073
6877865024294922946
8614175337564670549
5952173591396809367
2144917634003913567
7937102919743018432
5890149139702262860
5359937259444367650
5318908819634585798
2311120803598506091
7299242249296021869
8512521987621692983
6310519537391143706
5480167263150546752
12889248311141240
161155666911242476
7505917690183908375
6729455466622901837
5470762880488411720
4125468954637365704
3500024201025891270
1950432225796368674
2026280562767589724
874565743291901067
93802507035433851
2551420933934086104
3931040456991779027
7251517378425409198
8337823200502641985
7427837757637925497
3867422019915548390
8304671898802561695
5417883532386770724
605451659454092434
5774465392487913311
5073808877882781849
1647716172756282763
6070654406011873234
215585566825544575
5268140202497777921
4397257872244335346
4491077089971602847
1048575675000216649
4013398411071531064
829260243110655275
216096364461694795
1606155583210953813
3938788859053536302
7374983363538724513
5690700476540773402
3178240899982363011
8666266363555275637
8112479440127643789
8723507303766764255
4154477257650452973
5067253192359494209
668482657174475400
7119354616378580566
3451006629941495434
7743127799604451809
6145077858704446614
7773731300088910231
1609006070376284069
7504249607452648277
6844257216914028052
621727688060614402
6192347863270429746
154240117998755021
9154664499305866400
7401762668228624209
7580812777056867947
3232465741406156427
5389262809215003264
2470002479620205349
1226827387483516985
5129545236502491906
1055157388084627526
2204331344555152469
443537650670197776
5559696438064514219
7180480138042089448
5179747367995090225
8061459091862288833
2967152924522580025
4828095789613031730
3913842943493124804
7171884609679593245
5696505596222716071
1379903301671860852
8634183245994393190
8222737177943429857
7906646087543004026
8365718240851292854
5155895847918371566
9087329261917352869
7406026061319363289
6711571381191498994
7940190931447630692
3137666856009891422
7413989953507223430
5675342552040097653
5058388538734220550
8356953619503111815
3241460880083614408
5371546140611247561
8619402328713995882
4601153481500893111
2856202265368482590
1996433316518135678
1519474610606985949
2224553014095621216
7107550726549889597
1985464921457777734
7910859453125165644
6175193785515211983
2433688871767608900
6071559790195623236
1541965394411431357
7261145774259990740
7205734386726557232
2986722105716169946
1824519160651508059
4774817719369462066
4911434975952515346
5637390404088288248
5896303189034677982
2527586760524889220
9168246112425745081
6237291231785969575
1359892938149458087
235459053353583513
8201054057800161653
3868085336331059959
3348715333324231617
2781966680439387421
5402555686380756010
210903028616515233
7927126768601045525
8748692183765576457
5885649422914021468
8173763638575374333
4333027394968044600
9018196615084799971
1683158831885023155
4103451637312014344
3121826838913775183
7652129664586667369
5442775893119637060
2580641330136051372
4141314312718657909
4262650003305800453
714091493140130257
5851171542852674162
9101848386338438402
7242346358439313915
2194933110319759433
5174001010233265553
4964237877076148177
2810318891041318604
7713822404333712122
3663417955464902100
310641957766352982
7459280851930740582
8059685539543764711
2983915159769402384
1139692969508095024
6261152606455340004
8022699944932278033
8094362278359925151
4454413004607205958
3737623990213374115
380114703580655032
2430973593488699025
8866421199280906838
5077621772287034832
4939017745198533490
5374873146249497212
3511353829911033103
1337012936516287132
8897629242866618995
1141462653166143173
7132556870103511908
1519408548701639
3707204292575104004
7331360968071710521
6813598215510087020
3812037854952131963
4559244364442471885
6024758762838160236
5240416527888312769
3092451975117608332
1907767355640549867
8094579210892628985
3545162983399016887
6919548130380739086
4688766976726863845
9048475595145267697
3512628690504991767
5003679390311223727
9076129251337526784
2872780432062045924
166347280773663615
5140506645291314270
6064808109373642084
6734153091995454268
4647081051673705188
7991867220900340721
6208619517441529119
5625908644679516660
8651541058905391090
6583040696927996566
7858308551018289938
20146860753528028
4515514181977353885
408244251415862919
6340597919026785905
7712613236007508459
5314429791379162253
5781415592264523778
6108765258052978520
6335555515142256828
774451665393531892
9134623115795675134
8386361385097673814
212546034675294321
4499145853103347551
2757362883876463316
7495127045008840855
5670769413211266478
1836122011328174006
5714352312128938336
9020522555315770637
980974631613918785
675341330504856120
1451208520788676564
5676453458942099902
3809200371732262126
2442952086829347693
8554336046500516179
900095393633294776
3175711307711401523
5914603573998422064
1007597831643882679
1517527561485405243
8276334614808002981
3624211799645203683
699707600207612358
1214554121388711762
5062610253339915086
2234204821992007469
25728712499527633
1369512018026381517
8609067916087729136
4413068519504185980
2113385115144313433
2835274438556334377
5110939989783808951
128437203215538941
5958377334833258323
860792044883489908
2266624586487070843
4428685942681894510
475402708610434623
1272180509303241139
5383184292446244327
8128937167044189639
4456618121422575276
7827928728752750738
6537865698431235755
1725542323385642649
7973512163818034856
8391060959170320944
4276875140468625526
3862166024782658317
6109485127695784689
4687463717185889558
168295469382829391
3176466511659495411
6920608432617920961
704963594262057004
6723536585503620390
4770150641133846549
136334200187609148
7806767246000070478
8134710283155525416
4786571497294285871
3349422165762906622
5248640809194085488
1225305548092953230
3143788391761479830
8998459528762993324
649011438197962804
1818771077871050112
8870406078257611053
6605696269518551290
2764982688988666833
8381665860685509641
7847920073147268053
1036226680637933898
4427184056094340674
3583887715287288932
6478436664527982812
5158427862428766400
6616302247261294287
4879729706281239113
6042349938082523110
384323923446678388
769715608523591456
4730754714082052580
4270706612856461779
750650791172354215
7432288428137822706
4006938065815911411
1482476797423597690
5814654175243977125
7891576649753869031
5329697210814947230
6677642740142084199
6953583634825497534
5112565194270136287
4147045200729695673
6963331468469202718
7378227218406649543
8468951894314348050
6488385927715516741
4011894015270931727
748952021365562922
8279886270726471798
861091434106884652
1753989991215039549
7147029845653310260
2875813601344730818
3261075825695270303
9079227999256126582
1663027736798647020
33199318976360609
582259576666528632
6645192220026217429
244446120625159295
8263972576177676242
5431312555660352727
1770792059819099664
1734833115394527894
7738101827252981059
1139236386309898191
8300079918928672182
9087257141241453112
2228705680316257581
4615654778794799582
4415215776857811816
3889178859023712903
7107270961127938783
2610179031068642585
1521355149221767440
1233865839240591805
4745749524391526363
9105823345952927411
7476664151456630396
8634537942965447300
8742920240531537159
7327057604285018090
4542770473245504295
5000230879729682004
6659246943908593550
6706943012351603673
8368423632374987698
2862035747546276151
7596250191648467347
3492470547033232601
7031104987220135607
5449533655652231839
7047358652356708699
6244230054938909748
3062946152611594110
1710243104591838300
7091383767660014758
3064696137055411066
942834060253028945
6322470650416277442
8525697035006992337
5199125549917501670
1457711657335669008
7658112050045561001
5386072248508542596
566707240577395063
2991606464225538808
6571170018693308019
1763442354870660963
4806209337868931162
2651613929872353959
2434634072997671059
5616048608478795122
8457392630256871878
5913697158618499975
293019889040333624
7836517907846999124
48560508375696200
9097048119552647178
2787124178387229000
3095754226004529341
4764000394238556488
5649427525497179225
2932060704286270905
9034547097740931602
1995487639676139524
639878216303229607
3013547332873803780
4508242376645258567
3525612455368774838
5712111704932546497
5454033227514511696
1184195227039843295
3498818960814980978
351705412258520093
4993476631356102574
2358553334196069859
3826455834406003646
6078791800131392662
832341790928930963
2516033015467195218
8395961054013131742
1412473621237992339
8421776044349554542
2758386272424225192
3811058726564404024
