7534238860363577544
7322157373578955368
3948283326616421003
4644954126004286009
196257267849351217
5918626470536001929
6738283504825746594
3122721854741763495
2577951605337750872
4374800994578205793
1019055478500227370
6652984710464900997
8240548652619864253
2174699138227015967
4918413420989329604
2007021308771876996
6219110439660858399
2171543029187596030
3819392654129628501
8774880668563049760
9088192369782437159
5326000431362991708
7219323489207530724
8221750265705823825
5211112922919195873
1548565541085191105
983006732149699580
6154585379646116922
2022231041883668124
7997974227049795263
548352491538518780
8747526603856329147
8762827044490678569
4556484397418645693
8072963182326625214
5161571070109172606
3979267608276914880
9070707733479115872
8237816787986283553
2336396634847254369
1659868702501373320
4350273094117089600
2606104910636876898
8213194587913143640
1651749364812671046
8519578687848277273
2245236340473056111
4899814843172066235
8480550192700287318
3392874986167843711
7599123333627852867
6015153214652003909
739849083029856578
-1
3508092439405455063
445518607167094136
5978421288935197064
3198713714849193383
4385375707470959263
3910415904247667078
266534138255813526
514694032262818403
6027631083130214337
6973610335696064794
2441251304977218559
5988548075011636636
6419484551622907671
6022410898911278879
6122583695544856419
8969611739750220759
7051154795364517673
470140807240234049
2898261356495209345
2833529017875751130
4083296682961047771
8034210119001863030
481482873950391103
4696414479261711366
6353263476186488993
5808941911350447816
4933623154101120732
3211191583327403811
209109918333456044
6620239887342530822
8835551476805511776
5838099002455053655
4259583541340594441
9151270500179171459
8939023195347666945
8933803011128731487
5781917929618748407
3660951731540780082
6772615624523978733
6785093493002189161
1409192320340625053
2441675549383057796
3776439227963994256
2532567935548697032
1904187424400452352
3250914831627876149
8201343797229916526
7433943245423082092
5727554123450503368
1608360359484386240
4814326104676768998
7296767819688411871
4700646804028305048
5170960014354231267
5884877103856494393
1114691270281148507
333440506879701736
7968875866014064608
6784669248596349924
5241131667453229016
2708227716133260388
1661833213317550436
7566476095478034400
4228028106931716766
4897150163344753705
4571260814718825928
8084791051540705017
7604343517846788325
8059836771696705787
3382300273275090241
982582487743860343
977185943282967113
3716208830402148560
2477724295733585586
